hunt_code,hunt_name,species,sex_type,weapon,hunt_type,season,source_presence,hanumber_res,hanumber_nr,hanumber_total,hunttable_res,hunttable_nr,hunttable_total,utahdraws_res,utahdraws_nr,utahdraws_total,buck_deer_res,buck_deer_nr,buck_deer_total,database_res_reference,database_nr_reference,database_total_reference,recommended_res,recommended_nr,recommended_total,winner_source,confidence,source_support_count,conflicting_sources,database_alignment,recommended_action,decision_reason,hanumber_status,hunttable_status,utahdraws_status,buck_deer_status,database_status,split_bucket,matching_non_database_sources,matching_source_count,matching_res,matching_nr,matching_total,split_review_note,remaining_unresolved_bucket,remaining_review_required
BI6505,Henry Mtns,Bison,Cow Only,Any Legal Weapon,Once-in-a-lifetime,Dec 9 2026 - Dec 20 2026,HANUMBER|UTAHDRAWS|DATABASE,8,3,11,,,,8,2,10,,,,8,3,11,8,3,11,HANUMBER,REVIEW_SOURCE_CONFLICT,1,UTAHDRAWS,DATABASE_MATCHES_RECOMMENDED,REVIEW_BEFORE_PROMOTION,"hanumber selected by precedence, but conflicts with: utahdraws.",OK,DATABASE_ONLY,SOURCE_AND_DATABASE,,RAC_CURRENT_YEAR_SPLIT,true_source_conflicts,HANUMBER,1,8,3,11,Non-database sources conflict and fewer than three current sources match.,true_source_conflicts,true
BI6536,"Book Cliffs, Bitter Creek",Bison,Cow Only,Any Legal Weapon,Once-in-a-lifetime,Nov 14 2026 - Nov 29 2026,HANUMBER|UTAHDRAWS|DATABASE,15,0,15,,,,14,0,14,,,,15,0,15,15,0,15,HANUMBER,REVIEW_SOURCE_CONFLICT,1,UTAHDRAWS,DATABASE_MATCHES_RECOMMENDED,REVIEW_BEFORE_PROMOTION,"hanumber selected by precedence, but conflicts with: utahdraws.",OK,DATABASE_ONLY,SOURCE_AND_DATABASE,,RAC_CURRENT_YEAR_SPLIT,true_source_conflicts,HANUMBER,1,15,0,15,Non-database sources conflict and fewer than three current sources match.,true_source_conflicts,true
DA1009,"Pine Valley, Enterprise",Deer,Antlerless,Any Legal Weapon,General Season,Aug 01 2025 - Aug 15 2025,HANUMBER|HUNTTABLE|DATABASE,,,25,,,20,,,,,,,,,25,,,25,HANUMBER,REVIEW_SOURCE_CONFLICT,1,HUNTTABLE,DATABASE_MATCHES_RECOMMENDED,REVIEW_BEFORE_PROMOTION,"hanumber selected by precedence, but conflicts with: hunttable.",OK,LIVE_AND_DATABASE,DATABASE_ONLY,,LIVE_DWR_TOTAL_ONLY,true_source_conflicts,HANUMBER,1,,,25,Non-database sources conflict and fewer than three current sources match.,true_source_conflicts,true
DA1018,"Pine Valley, New Harmony",Deer,Antlerless,"Archery, Muzzleloader, Shotgun",General Season,Aug 01 2025 - Aug 15 2025,HANUMBER|HUNTTABLE|DATABASE,,,20,,,15,,,,,,,,,20,,,20,HANUMBER,REVIEW_SOURCE_CONFLICT,1,HUNTTABLE,DATABASE_MATCHES_RECOMMENDED,REVIEW_BEFORE_PROMOTION,"hanumber selected by precedence, but conflicts with: hunttable.",OK,LIVE_AND_DATABASE,DATABASE_ONLY,,LIVE_DWR_TOTAL_ONLY,true_source_conflicts,HANUMBER,1,,,20,Non-database sources conflict and fewer than three current sources match.,true_source_conflicts,true
DA1033,"San Juan, Monticello",Deer,Antlerless,Archery,General Season,Aug 01 2025 - Sep 14 2025,HANUMBER|HUNTTABLE|DATABASE,,,5,,,10,,,,,,,,,5,,,5,HANUMBER,REVIEW_SOURCE_CONFLICT,1,HUNTTABLE,DATABASE_MATCHES_RECOMMENDED,REVIEW_BEFORE_PROMOTION,"hanumber selected by precedence, but conflicts with: hunttable.",OK,LIVE_AND_DATABASE,DATABASE_ONLY,,LIVE_DWR_TOTAL_ONLY,true_source_conflicts,HANUMBER,1,,,5,Non-database sources conflict and fewer than three current sources match.,true_source_conflicts,true
EA1010,"Cache, Rich",Elk,Antlerless,Any Legal Weapon,General Season,Oct 04 2025 - Oct 26 2025,HANUMBER|HUNTTABLE|DATABASE,18,2,20,31,4,35,,,,,,,18,2,20,18,2,20,HANUMBER,REVIEW_SOURCE_CONFLICT,1,HUNTTABLE,DATABASE_MATCHES_RECOMMENDED,REVIEW_BEFORE_PROMOTION,"hanumber selected by precedence, but conflicts with: hunttable.",OK,LIVE_AND_DATABASE,DATABASE_ONLY,,LIVE_DWR_RES_NR_SPLIT,true_source_conflicts,HUNTTABLE,1,31,4,35,Non-database sources conflict and fewer than three current sources match.,true_source_conflicts,true
EA1011,"Cache, Richards Hollow",Elk,Antlerless,Any Legal Weapon,General Season,Nov 15 2025 - Dec 31 2025,HANUMBER|HUNTTABLE|DATABASE,9,1,10,18,2,20,,,,,,,9,1,10,9,1,10,HANUMBER,REVIEW_SOURCE_CONFLICT,1,HUNTTABLE,DATABASE_MATCHES_RECOMMENDED,REVIEW_BEFORE_PROMOTION,"hanumber selected by precedence, but conflicts with: hunttable.",OK,LIVE_AND_DATABASE,DATABASE_ONLY,,LIVE_DWR_RES_NR_SPLIT,true_source_conflicts,HANUMBER,1,9,1,10,Non-database sources conflict and fewer than three current sources match.,true_source_conflicts,true
EA1021,Nebo,Elk,Antlerless,Any Legal Weapon,General Season,Oct 04 2025 - Oct 16 2025,HANUMBER|HUNTTABLE|DATABASE,207,23,230,252,28,280,,,,,,,207,23,230,207,23,230,HANUMBER,REVIEW_SOURCE_CONFLICT,1,HUNTTABLE,DATABASE_MATCHES_RECOMMENDED,REVIEW_BEFORE_PROMOTION,"hanumber selected by precedence, but conflicts with: hunttable.",OK,LIVE_AND_DATABASE,DATABASE_ONLY,,LIVE_DWR_RES_NR_SPLIT,true_source_conflicts,HUNTTABLE,1,252,28,280,Non-database sources conflict and fewer than three current sources match.,true_source_conflicts,true
EA1033,Kamas,Elk,Antlerless,Any Legal Weapon,General Season,Nov 08 2025 - Jan 18 2026,HANUMBER|HUNTTABLE|DATABASE,112,13,125,90,10,100,,,,,,,112,13,125,112,13,125,HANUMBER,REVIEW_SOURCE_CONFLICT,1,HUNTTABLE,DATABASE_MATCHES_RECOMMENDED,REVIEW_BEFORE_PROMOTION,"hanumber selected by precedence, but conflicts with: hunttable.",OK,LIVE_AND_DATABASE,DATABASE_ONLY,,LIVE_DWR_RES_NR_SPLIT,true_source_conflicts,HUNTTABLE,1,90,10,100,Non-database sources conflict and fewer than three current sources match.,true_source_conflicts,true
EA1035,"Kamas, Oakley",Elk,Antlerless,Any Legal Weapon,General Season,Nov 08 2025 - Dec 31 2025,HANUMBER|HUNTTABLE|DATABASE,112,13,125,90,10,100,,,,,,,112,13,125,112,13,125,HANUMBER,REVIEW_SOURCE_CONFLICT,1,HUNTTABLE,DATABASE_MATCHES_RECOMMENDED,REVIEW_BEFORE_PROMOTION,"hanumber selected by precedence, but conflicts with: hunttable.",OK,LIVE_AND_DATABASE,DATABASE_ONLY,,LIVE_DWR_RES_NR_SPLIT,true_source_conflicts,HUNTTABLE,1,90,10,100,Non-database sources conflict and fewer than three current sources match.,true_source_conflicts,true
EA1054,"Nine Mile, West Anthro",Elk,Antlerless,Any Legal Weapon,General Season,Dec 13 2025 - Dec 30 2025,HANUMBER|HUNTTABLE|DATABASE,45,5,50,90,10,100,,,,,,,45,5,50,45,5,50,HANUMBER,REVIEW_SOURCE_CONFLICT,1,HUNTTABLE,DATABASE_MATCHES_RECOMMENDED,REVIEW_BEFORE_PROMOTION,"hanumber selected by precedence, but conflicts with: hunttable.",OK,LIVE_AND_DATABASE,DATABASE_ONLY,,LIVE_DWR_RES_NR_SPLIT,true_source_conflicts,HUNTTABLE,1,90,10,100,Non-database sources conflict and fewer than three current sources match.,true_source_conflicts,true
EA1063,Ogden,Elk,Antlerless,Any Legal Weapon,General Season,Oct 04 2025 - Oct 26 2025,HANUMBER|HUNTTABLE|DATABASE,67,8,75,90,10,100,,,,,,,67,8,75,67,8,75,HANUMBER,REVIEW_SOURCE_CONFLICT,1,HUNTTABLE,DATABASE_MATCHES_RECOMMENDED,REVIEW_BEFORE_PROMOTION,"hanumber selected by precedence, but conflicts with: hunttable.",OK,LIVE_AND_DATABASE,DATABASE_ONLY,,LIVE_DWR_RES_NR_SPLIT,true_source_conflicts,HUNTTABLE,1,90,10,100,Non-database sources conflict and fewer than three current sources match.,true_source_conflicts,true
EA1069,Panguitch Lake,Elk,Antlerless,Any Legal Weapon,General Season,Nov 22 2025 - Nov 30 2025,HANUMBER|HUNTTABLE|DATABASE,31,4,35,22,3,25,,,,,,,31,4,35,31,4,35,HANUMBER,REVIEW_SOURCE_CONFLICT,1,HUNTTABLE,DATABASE_MATCHES_RECOMMENDED,REVIEW_BEFORE_PROMOTION,"hanumber selected by precedence, but conflicts with: hunttable.",OK,LIVE_AND_DATABASE,DATABASE_ONLY,,LIVE_DWR_RES_NR_SPLIT,true_source_conflicts,HANUMBER,1,31,4,35,Non-database sources conflict and fewer than three current sources match.,true_source_conflicts,true
EA1129,Deseret CWMU,Elk,Antlerless,Any Legal Weapon,CWMU,Contact operator for 2025 season dates,HANUMBER|HUNTTABLE|DATABASE,425,0,425,,,360,,,,,,,425,0,425,425,0,425,HANUMBER,REVIEW_SOURCE_CONFLICT,1,HUNTTABLE,DATABASE_MATCHES_RECOMMENDED,REVIEW_BEFORE_PROMOTION,"hanumber selected by precedence, but conflicts with: hunttable.",OK,LIVE_AND_DATABASE,DATABASE_ONLY,,DWR_HUNTPLANNER_CWMU_RES_NR_TOTAL_DERIVED,true_source_conflicts,HANUMBER,1,425,0,425,Non-database sources conflict and fewer than three current sources match.,true_source_conflicts,true
EA1134,Ensign Ranches CWMU,Elk,Antlerless,Any Legal Weapon,CWMU,Contact operator for 2025 season dates,HANUMBER|HUNTTABLE|DATABASE,60,0,60,,,48,,,,,,,60,0,60,60,0,60,HANUMBER,REVIEW_SOURCE_CONFLICT,1,HUNTTABLE,DATABASE_MATCHES_RECOMMENDED,REVIEW_BEFORE_PROMOTION,"hanumber selected by precedence, but conflicts with: hunttable.",OK,LIVE_AND_DATABASE,DATABASE_ONLY,,DWR_HUNTPLANNER_CWMU_RES_NR_TOTAL_DERIVED,true_source_conflicts,HANUMBER,1,60,0,60,Non-database sources conflict and fewer than three current sources match.,true_source_conflicts,true
EA1139,Hardscrabble CWMU,Elk,Antlerless,Any Legal Weapon,CWMU,Contact operator for 2025 season dates,HANUMBER|HUNTTABLE|DATABASE,10,0,10,,,5,,,,,,,10,0,10,10,0,10,HANUMBER,REVIEW_SOURCE_CONFLICT,1,HUNTTABLE,DATABASE_MATCHES_RECOMMENDED,REVIEW_BEFORE_PROMOTION,"hanumber selected by precedence, but conflicts with: hunttable.",OK,LIVE_AND_DATABASE,DATABASE_ONLY,,DWR_HUNTPLANNER_CWMU_RES_NR_TOTAL_DERIVED,true_source_conflicts,HANUMBER,1,10,0,10,Non-database sources conflict and fewer than three current sources match.,true_source_conflicts,true
EA1149,Minnie Maud Ridge CWMU,Elk,Antlerless,Any Legal Weapon,CWMU,Contact operator for 2025 season dates,HANUMBER|HUNTTABLE|DATABASE,15,0,15,,,16,,,,,,,15,0,15,15,0,15,HANUMBER,REVIEW_SOURCE_CONFLICT,1,HUNTTABLE,DATABASE_MATCHES_RECOMMENDED,REVIEW_BEFORE_PROMOTION,"hanumber selected by precedence, but conflicts with: hunttable.",OK,LIVE_AND_DATABASE,DATABASE_ONLY,,DWR_HUNTPLANNER_CWMU_RES_NR_TOTAL_DERIVED,true_source_conflicts,HANUMBER,1,15,0,15,Non-database sources conflict and fewer than three current sources match.,true_source_conflicts,true
EA1193,"Cache, Rich",Elk,Antlerless,Any Legal Weapon,General Season,Nov 15 2025 - Jan 10 2026,HANUMBER|HUNTTABLE|DATABASE,18,2,20,31,4,35,,,,,,,18,2,20,18,2,20,HANUMBER,REVIEW_SOURCE_CONFLICT,1,HUNTTABLE,DATABASE_MATCHES_RECOMMENDED,REVIEW_BEFORE_PROMOTION,"hanumber selected by precedence, but conflicts with: hunttable.",OK,LIVE_AND_DATABASE,DATABASE_ONLY,,LIVE_DWR_RES_NR_SPLIT,true_source_conflicts,HUNTTABLE,1,31,4,35,Non-database sources conflict and fewer than three current sources match.,true_source_conflicts,true
EA1208,Nebo,Elk,Antlerless,Any Legal Weapon,General Season,Nov 15 2025 - Jan 18 2026,HANUMBER|HUNTTABLE|DATABASE,247,28,275,292,33,325,,,,,,,247,28,275,247,28,275,HANUMBER,REVIEW_SOURCE_CONFLICT,1,HUNTTABLE,DATABASE_MATCHES_RECOMMENDED,REVIEW_BEFORE_PROMOTION,"hanumber selected by precedence, but conflicts with: hunttable.",OK,LIVE_AND_DATABASE,DATABASE_ONLY,,LIVE_DWR_RES_NR_SPLIT,true_source_conflicts,HUNTTABLE,1,292,33,325,Non-database sources conflict and fewer than three current sources match.,true_source_conflicts,true
EA1222,"Beaver, East",Elk,Antlerless,Any Legal Weapon,General Season,Nov 22 2025 - Dec 12 2025,HANUMBER|HUNTTABLE|DATABASE,27,3,30,36,4,40,,,,,,,27,3,30,27,3,30,HANUMBER,REVIEW_SOURCE_CONFLICT,1,HUNTTABLE,DATABASE_MATCHES_RECOMMENDED,REVIEW_BEFORE_PROMOTION,"hanumber selected by precedence, but conflicts with: hunttable.",OK,LIVE_AND_DATABASE,DATABASE_ONLY,,LIVE_DWR_RES_NR_SPLIT,true_source_conflicts,HUNTTABLE,1,36,4,40,Non-database sources conflict and fewer than three current sources match.,true_source_conflicts,true
EA1223,"Beaver, East",Elk,Antlerless,Any Legal Weapon,General Season,Dec 13 2025 - Dec 27 2025,HANUMBER|HUNTTABLE|DATABASE,27,3,30,36,4,40,,,,,,,27,3,30,27,3,30,HANUMBER,REVIEW_SOURCE_CONFLICT,1,HUNTTABLE,DATABASE_MATCHES_RECOMMENDED,REVIEW_BEFORE_PROMOTION,"hanumber selected by precedence, but conflicts with: hunttable.",OK,LIVE_AND_DATABASE,DATABASE_ONLY,,LIVE_DWR_RES_NR_SPLIT,true_source_conflicts,HUNTTABLE,1,36,4,40,Non-database sources conflict and fewer than three current sources match.,true_source_conflicts,true
EA1251,"Southwest Desert, Burbank/Garrison",Elk,Antlerless,Any Legal Weapon,General Season,Aug 01 2025 - Aug 15 2025,HANUMBER|HUNTTABLE|DATABASE,13,2,15,11,1,12,,,,,,,13,2,15,13,2,15,HANUMBER,REVIEW_SOURCE_CONFLICT,1,HUNTTABLE,DATABASE_MATCHES_RECOMMENDED,REVIEW_BEFORE_PROMOTION,"hanumber selected by precedence, but conflicts with: hunttable.",OK,LIVE_AND_DATABASE,DATABASE_ONLY,,LIVE_DWR_RES_NR_SPLIT,true_source_conflicts,HANUMBER,1,13,2,15,Non-database sources conflict and fewer than three current sources match.,true_source_conflicts,true
EA1266,"Box Elder, Hansel Mtn",Elk,Antlerless,Any Legal Weapon,General Season,Aug 01 2025 - Jan 31 2026,HANUMBER|HUNTTABLE|DATABASE,18,2,20,27,3,30,,,,,,,18,2,20,18,2,20,HANUMBER,REVIEW_SOURCE_CONFLICT,1,HUNTTABLE,DATABASE_MATCHES_RECOMMENDED,REVIEW_BEFORE_PROMOTION,"hanumber selected by precedence, but conflicts with: hunttable.",OK,LIVE_AND_DATABASE,DATABASE_ONLY,,LIVE_DWR_RES_NR_SPLIT,true_source_conflicts,HUNTTABLE,1,27,3,30,Non-database sources conflict and fewer than three current sources match.,true_source_conflicts,true
EA1267,Cache,Elk,Antlerless,Any Legal Weapon,General Season,Oct 04 2025 - Oct 26 2025,HANUMBER|HUNTTABLE|DATABASE,81,9,90,180,20,200,,,,,,,81,9,90,81,9,90,HANUMBER,REVIEW_SOURCE_CONFLICT,1,HUNTTABLE,DATABASE_MATCHES_RECOMMENDED,REVIEW_BEFORE_PROMOTION,"hanumber selected by precedence, but conflicts with: hunttable.",OK,LIVE_AND_DATABASE,DATABASE_ONLY,,LIVE_DWR_RES_NR_SPLIT,true_source_conflicts,HANUMBER,1,81,9,90,Non-database sources conflict and fewer than three current sources match.,true_source_conflicts,true
EA1269,Ogden (Excludes Hyrum),Elk,Antlerless,Any Legal Weapon,General Season,Dec 01 2025 - Dec 31 2025,HANUMBER|HUNTTABLE|DATABASE,180,20,200,270,30,300,,,,,,,180,20,200,180,20,200,HANUMBER,REVIEW_SOURCE_CONFLICT,1,HUNTTABLE,DATABASE_MATCHES_RECOMMENDED,REVIEW_BEFORE_PROMOTION,"hanumber selected by precedence, but conflicts with: hunttable.",OK,LIVE_AND_DATABASE,DATABASE_ONLY,,LIVE_DWR_RES_NR_SPLIT,true_source_conflicts,HUNTTABLE,1,270,30,300,Non-database sources conflict and fewer than three current sources match.,true_source_conflicts,true
EA1284,Panguitch Lake,Elk,Antlerless,Muzzleloader,General Season,Oct 29 2025 - Nov 06 2025,HANUMBER|HUNTTABLE|DATABASE,31,4,35,49,6,55,,,,,,,31,4,35,31,4,35,HANUMBER,REVIEW_SOURCE_CONFLICT,1,HUNTTABLE,DATABASE_MATCHES_RECOMMENDED,REVIEW_BEFORE_PROMOTION,"hanumber selected by precedence, but conflicts with: hunttable.",OK,LIVE_AND_DATABASE,DATABASE_ONLY,,LIVE_DWR_RES_NR_SPLIT,true_source_conflicts,HUNTTABLE,1,49,6,55,Non-database sources conflict and fewer than three current sources match.,true_source_conflicts,true
EA1285,Panguitch Lake,Elk,Antlerless,Any Legal Weapon,General Season,Dec 13 2025 - Dec 21 2025,HANUMBER|HUNTTABLE|DATABASE,31,4,35,22,3,25,,,,,,,31,4,35,31,4,35,HANUMBER,REVIEW_SOURCE_CONFLICT,1,HUNTTABLE,DATABASE_MATCHES_RECOMMENDED,REVIEW_BEFORE_PROMOTION,"hanumber selected by precedence, but conflicts with: hunttable.",OK,LIVE_AND_DATABASE,DATABASE_ONLY,,LIVE_DWR_RES_NR_SPLIT,true_source_conflicts,HANUMBER,1,31,4,35,Non-database sources conflict and fewer than three current sources match.,true_source_conflicts,true
EA2033,Kamas,Elk,Antlerless,Archery,General Season,Aug 16 2025 - Sep 17 2025,HANUMBER|HUNTTABLE|DATABASE,225,25,250,180,20,200,,,,,,,225,25,250,225,25,250,HANUMBER,REVIEW_SOURCE_CONFLICT,1,HUNTTABLE,DATABASE_MATCHES_RECOMMENDED,REVIEW_BEFORE_PROMOTION,"hanumber selected by precedence, but conflicts with: hunttable.",OK,LIVE_AND_DATABASE,DATABASE_ONLY,,LIVE_DWR_RES_NR_SPLIT,true_source_conflicts,HANUMBER,1,225,25,250,Non-database sources conflict and fewer than three current sources match.,true_source_conflicts,true
EA2036,"Oquirrh-Stansbury, East",Elk,Antlerless,Any Legal Weapon,General Season,Nov 08 2025 - Jan 31 2026,HANUMBER|HUNTTABLE|DATABASE,54,6,60,63,7,70,,,,,,,54,6,60,54,6,60,HANUMBER,REVIEW_SOURCE_CONFLICT,1,HUNTTABLE,DATABASE_MATCHES_RECOMMENDED,REVIEW_BEFORE_PROMOTION,"hanumber selected by precedence, but conflicts with: hunttable.",OK,LIVE_AND_DATABASE,DATABASE_ONLY,,LIVE_DWR_RES_NR_SPLIT,true_source_conflicts,HUNTTABLE,1,63,7,70,Non-database sources conflict and fewer than three current sources match.,true_source_conflicts,true
MA1005,Morgan-South Rich,Moose,Antlerless,Any Legal Weapon,Limited Entry,Sep 20 2025 - Oct 19 2025,HANUMBER|HUNTTABLE|DATABASE,6,1,7,2,1,3,,,,,,,6,1,7,6,1,7,HANUMBER,REVIEW_SOURCE_CONFLICT,1,HUNTTABLE,DATABASE_MATCHES_RECOMMENDED,REVIEW_BEFORE_PROMOTION,"hanumber selected by precedence, but conflicts with: hunttable.",OK,LIVE_AND_DATABASE,DATABASE_ONLY,,LIVE_DWR_RES_NR_SPLIT,true_source_conflicts,HANUMBER,1,6,1,7,Non-database sources conflict and fewer than three current sources match.,true_source_conflicts,true
MA1007,Morgan-South Rich,Moose,Antlerless,Archery,Limited Entry,Aug 01 2025 - Sep 19 2025,HANUMBER|HUNTTABLE|DATABASE,3,0,3,2,0,2,,,,,,,3,0,3,3,0,3,HANUMBER,REVIEW_SOURCE_CONFLICT,1,HUNTTABLE,DATABASE_MATCHES_RECOMMENDED,REVIEW_BEFORE_PROMOTION,"hanumber selected by precedence, but conflicts with: hunttable.",OK,LIVE_AND_DATABASE,DATABASE_ONLY,,LIVE_DWR_RES_NR_SPLIT,true_source_conflicts,HANUMBER,1,3,0,3,Non-database sources conflict and fewer than three current sources match.,true_source_conflicts,true
MA1008,"Wasatch Mtns, Salt Lake-Timpanogos",Moose,Antlerless,Any Legal Weapon,Limited Entry,Sep 20 2025 - Oct 19 2025,HANUMBER|HUNTTABLE|DATABASE,4,1,5,2,0,2,,,,,,,4,1,5,4,1,5,HANUMBER,REVIEW_SOURCE_CONFLICT,1,HUNTTABLE,DATABASE_MATCHES_RECOMMENDED,REVIEW_BEFORE_PROMOTION,"hanumber selected by precedence, but conflicts with: hunttable.",OK,LIVE_AND_DATABASE,DATABASE_ONLY,,LIVE_DWR_RES_NR_SPLIT,true_source_conflicts,HANUMBER,1,4,1,5,Non-database sources conflict and fewer than three current sources match.,true_source_conflicts,true
PD1000,"Box Elder, Snowville",Pronghorn,Doe,Any Legal Weapon,General Season,Nov 08 2025 - Dec 07 2025,HANUMBER|HUNTTABLE|DATABASE,72,8,80,36,4,40,,,,,,,72,8,80,72,8,80,HANUMBER,REVIEW_SOURCE_CONFLICT,1,HUNTTABLE,DATABASE_MATCHES_RECOMMENDED,REVIEW_BEFORE_PROMOTION,"hanumber selected by precedence, but conflicts with: hunttable.",OK,LIVE_AND_DATABASE,DATABASE_ONLY,,LIVE_DWR_RES_NR_SPLIT,true_source_conflicts,HANUMBER,1,72,8,80,Non-database sources conflict and fewer than three current sources match.,true_source_conflicts,true
PD1012,"Box Elder, Promontory",Pronghorn,Doe,Any Legal Weapon,General Season,Oct 04 2025 - Oct 26 2025,HANUMBER|HUNTTABLE|DATABASE,22,3,25,18,2,20,,,,,,,22,3,25,22,3,25,HANUMBER,REVIEW_SOURCE_CONFLICT,1,HUNTTABLE,DATABASE_MATCHES_RECOMMENDED,REVIEW_BEFORE_PROMOTION,"hanumber selected by precedence, but conflicts with: hunttable.",OK,LIVE_AND_DATABASE,DATABASE_ONLY,,LIVE_DWR_RES_NR_SPLIT,true_source_conflicts,HANUMBER,1,22,3,25,Non-database sources conflict and fewer than three current sources match.,true_source_conflicts,true
PD1016,Zane CWMU,Pronghorn,Doe,Any Legal Weapon,CWMU,Contact operator for 2025 season dates,HANUMBER|HUNTTABLE|DATABASE,4,0,4,,,6,,,,,,,4,0,4,4,0,4,HANUMBER,REVIEW_SOURCE_CONFLICT,1,HUNTTABLE,DATABASE_MATCHES_RECOMMENDED,REVIEW_BEFORE_PROMOTION,"hanumber selected by precedence, but conflicts with: hunttable.",OK,LIVE_AND_DATABASE,DATABASE_ONLY,,HISTORICAL_2025_ONLY_NOT_ACTIVE_2026,true_source_conflicts,HANUMBER,1,4,0,4,Non-database sources conflict and fewer than three current sources match.,true_source_conflicts,true
PD1017,"Box Elder, West",Pronghorn,Doe,Any Legal Weapon,General Season,Oct 04 2025 - Oct 26 2025,HANUMBER|HUNTTABLE|DATABASE,49,6,55,31,4,35,,,,,,,49,6,55,49,6,55,HANUMBER,REVIEW_SOURCE_CONFLICT,1,HUNTTABLE,DATABASE_MATCHES_RECOMMENDED,REVIEW_BEFORE_PROMOTION,"hanumber selected by precedence, but conflicts with: hunttable.",OK,LIVE_AND_DATABASE,DATABASE_ONLY,,LIVE_DWR_RES_NR_SPLIT,true_source_conflicts,HANUMBER,1,49,6,55,Non-database sources conflict and fewer than three current sources match.,true_source_conflicts,true
PD1026,Pahvant Ensign CWMU,Pronghorn,Doe,Any Legal Weapon,CWMU,Contact operator for 2025 season dates,HANUMBER|HUNTTABLE|DATABASE,4,0,4,,,6,,,,,,,4,0,4,4,0,4,HANUMBER,REVIEW_SOURCE_CONFLICT,1,HUNTTABLE,DATABASE_MATCHES_RECOMMENDED,REVIEW_BEFORE_PROMOTION,"hanumber selected by precedence, but conflicts with: hunttable.",OK,LIVE_AND_DATABASE,DATABASE_ONLY,,HISTORICAL_2025_ONLY_NOT_ACTIVE_2026,true_source_conflicts,HANUMBER,1,4,0,4,Non-database sources conflict and fewer than three current sources match.,true_source_conflicts,true
PD1044,Vernal-Ouray Valley,Pronghorn,Doe,Any Legal Weapon,General Season,Oct 04 2025 - Oct 16 2025,HANUMBER|HUNTTABLE|DATABASE,9,1,10,4,1,5,,,,,,,9,1,10,9,1,10,HANUMBER,REVIEW_SOURCE_CONFLICT,1,HUNTTABLE,DATABASE_MATCHES_RECOMMENDED,REVIEW_BEFORE_PROMOTION,"hanumber selected by precedence, but conflicts with: hunttable.",OK,LIVE_AND_DATABASE,DATABASE_ONLY,,LIVE_DWR_RES_NR_SPLIT,true_source_conflicts,HANUMBER,1,9,1,10,Non-database sources conflict and fewer than three current sources match.,true_source_conflicts,true
PD1056,Parker Mtn,Pronghorn,Doe,Any Legal Weapon,General Season,Dec 13 2025 - Dec 21 2025,HANUMBER|HUNTTABLE|DATABASE,36,4,40,63,4,67,,,,,,,36,4,40,36,4,40,HANUMBER,REVIEW_SOURCE_CONFLICT,1,HUNTTABLE,DATABASE_MATCHES_RECOMMENDED,REVIEW_BEFORE_PROMOTION,"hanumber selected by precedence, but conflicts with: hunttable.",OK,LIVE_AND_DATABASE,DATABASE_ONLY,,LIVE_DWR_RES_NR_SPLIT,true_source_conflicts,HUNTTABLE,1,63,4,67,Non-database sources conflict and fewer than three current sources match.,true_source_conflicts,true
PD1057,"Parker Mtn, Highlands",Pronghorn,Doe,Any Legal Weapon,General Season,Oct 08 2025 - Oct 16 2025,HANUMBER|HUNTTABLE|DATABASE,31,4,35,27,3,30,,,,,,,31,4,35,31,4,35,HANUMBER,REVIEW_SOURCE_CONFLICT,1,HUNTTABLE,DATABASE_MATCHES_RECOMMENDED,REVIEW_BEFORE_PROMOTION,"hanumber selected by precedence, but conflicts with: hunttable.",OK,LIVE_AND_DATABASE,DATABASE_ONLY,,LIVE_DWR_RES_NR_SPLIT,true_source_conflicts,HANUMBER,1,31,4,35,Non-database sources conflict and fewer than three current sources match.,true_source_conflicts,true
PD1059,"Parker Mtn, Plains",Pronghorn,Doe,Any Legal Weapon,General Season,Oct 08 2025 - Oct 16 2025,HANUMBER|HUNTTABLE|DATABASE,27,3,30,31,4,35,,,,,,,27,3,30,27,3,30,HANUMBER,REVIEW_SOURCE_CONFLICT,1,HUNTTABLE,DATABASE_MATCHES_RECOMMENDED,REVIEW_BEFORE_PROMOTION,"hanumber selected by precedence, but conflicts with: hunttable.",OK,LIVE_AND_DATABASE,DATABASE_ONLY,,LIVE_DWR_RES_NR_SPLIT,true_source_conflicts,HUNTTABLE,1,31,4,35,Non-database sources conflict and fewer than three current sources match.,true_source_conflicts,true
BR7307,La Sal,Black Bear,Either Sex,Multiseason,Multiseason - Conservation,"Mar. 28 - May 25 & May 25 - June 28 & Aug. 1 - Aug. 31 & Nov 2 - Nov. 8, 2026",HANUMBER|HUNTTABLE|DATABASE,,,,,,,,,,,,,,,4,,,,NONE_EXTERNAL_DATABASE_REFERENCE_ONLY,REVIEW_REQUIRED,0,,DATABASE_HAS_VALUE_NO_RECOMMENDATION,FIND_EXTERNAL_SOURCE_BEFORE_PROMOTION,No non-database current source has permit values; database has a reference value only.,OK,LIVE_AND_DATABASE,DATABASE_ONLY,,TOTAL_ONLY,database_only_external_missing,,0,,,,Only DATABASE reference value is present; external current source still needed before promotion.,database_only_external_missing,true
BR7324,Chalk Creek/East Canyon/Morgan-South Rich,Black Bear,Either Sex,Multiseason,Conservation,"March 29 - May 26, 2025 | Jul 5 - 31, 2025 | Aug 1 - 31, 2025 | Sept 1 - Oct 26, 2025 | Nov 3 - 9, 2025 | Sept 1 - Oct 26, 2025",HANUMBER|HUNTTABLE|DATABASE,,,,,,,,,,,,,,,1,,,,NONE_EXTERNAL_DATABASE_REFERENCE_ONLY,REVIEW_REQUIRED,0,,DATABASE_HAS_VALUE_NO_RECOMMENDATION,FIND_EXTERNAL_SOURCE_BEFORE_PROMOTION,No non-database current source has permit values; database has a reference value only.,OK,LIVE_AND_DATABASE,DATABASE_ONLY,,,database_only_external_missing,,0,,,,Only DATABASE reference value is present; external current source still needed before promotion.,database_only_external_missing,true
DB1056,Book Cliffs (North & South),Deer,Buck,Any Legal Weapon,Conservation,"Oct 17, 2026 - Oct 25, 2026",HANUMBER|HUNTTABLE|BUCK_DEER|DATABASE,,,,,,,,,,,,,,,4,,,,NONE_EXTERNAL_DATABASE_REFERENCE_ONLY,REVIEW_REQUIRED,0,,DATABASE_HAS_VALUE_NO_RECOMMENDATION,FIND_EXTERNAL_SOURCE_BEFORE_PROMOTION,No non-database current source has permit values; database has a reference value only.,OK,LIVE_AND_DATABASE,DATABASE_ONLY,XLSX_PERMIT_ROWS_REPAIRED_MATCH_PASTED_SOURCE,,database_only_external_missing,,0,,,,Only DATABASE reference value is present; external current source still needed before promotion.,database_only_external_missing,true
DB1075,Book Cliffs (North & South),Deer,Buck,Archery,Conservation,Aug 16 2025 - Sept 12 2025,HANUMBER|HUNTTABLE|BUCK_DEER|DATABASE,,,,,,,,,,,,,,,2,,,,NONE_EXTERNAL_DATABASE_REFERENCE_ONLY,REVIEW_REQUIRED,0,,DATABASE_HAS_VALUE_NO_RECOMMENDATION,FIND_EXTERNAL_SOURCE_BEFORE_PROMOTION,No non-database current source has permit values; database has a reference value only.,OK,LIVE_AND_DATABASE,DATABASE_ONLY,XLSX_PERMIT_ROWS_REPAIRED_MATCH_PASTED_SOURCE,,database_only_external_missing,,0,,,,Only DATABASE reference value is present; external current source still needed before promotion.,database_only_external_missing,true
DB1076,Book Cliffs (North & South),Deer,Buck,Muzzleloader,Conservation,Sept 24 2025 - Oct 02 2025,HANUMBER|HUNTTABLE|BUCK_DEER|DATABASE,,,,,,,,,,,,,,,2,,,,NONE_EXTERNAL_DATABASE_REFERENCE_ONLY,REVIEW_REQUIRED,0,,DATABASE_HAS_VALUE_NO_RECOMMENDATION,FIND_EXTERNAL_SOURCE_BEFORE_PROMOTION,No non-database current source has permit values; database has a reference value only.,OK,LIVE_AND_DATABASE,DATABASE_ONLY,XLSX_PERMIT_ROWS_REPAIRED_MATCH_PASTED_SOURCE,,database_only_external_missing,,0,,,,Only DATABASE reference value is present; external current source still needed before promotion.,database_only_external_missing,true
DB1118,Dolores Triangle,Deer,Buck,Multiseason,Conservation,"Arch: Oct 31-Nov 13, 2026 | Any Legal Weapon: Nov 14-22, 2026 | Muzz: Nov 23-Dec 1, 2026",HANUMBER|HUNTTABLE|BUCK_DEER|DATABASE,,,,,,,,,,,,,,,1,,,,NONE_EXTERNAL_DATABASE_REFERENCE_ONLY,REVIEW_REQUIRED,0,,DATABASE_HAS_VALUE_NO_RECOMMENDATION,FIND_EXTERNAL_SOURCE_BEFORE_PROMOTION,No non-database current source has permit values; database has a reference value only.,OK,LIVE_AND_DATABASE,DATABASE_ONLY,XLSX_PERMIT_ROWS_REPAIRED_MATCH_PASTED_SOURCE,,database_only_external_missing,,0,,,,Only DATABASE reference value is present; external current source still needed before promotion.,database_only_external_missing,true
DS1002,"Kaiparowits, East",Desert Bighorn Sheep,Male Only,Any Legal Weapon,Conservation,"Sept 13, 2025 - Dec 31, 2025",HANUMBER|HUNTTABLE|DATABASE,,,,,,,,,,,,,1,0,1,,,,NONE_EXTERNAL_DATABASE_REFERENCE_ONLY,REVIEW_REQUIRED,0,,DATABASE_HAS_VALUE_NO_RECOMMENDATION,FIND_EXTERNAL_SOURCE_BEFORE_PROMOTION,No non-database current source has permit values; database has a reference value only.,OK,LIVE_AND_DATABASE,DATABASE_ONLY,,FULL_SPLIT,database_only_external_missing,,0,,,,Only DATABASE reference value is present; external current source still needed before promotion.,database_only_external_missing,true
DS1003,"Kaiparowits, Escalante East/West",Desert Bighorn Sheep,Male Only,Any Legal Weapon,Conservation,"Sept 12 - Nov 10, 2026",HANUMBER|HUNTTABLE|DATABASE,,,,,,,,,,,,,1,0,1,,,,NONE_EXTERNAL_DATABASE_REFERENCE_ONLY,REVIEW_REQUIRED,0,,DATABASE_HAS_VALUE_NO_RECOMMENDATION,FIND_EXTERNAL_SOURCE_BEFORE_PROMOTION,No non-database current source has permit values; database has a reference value only.,OK,LIVE_AND_DATABASE,DATABASE_ONLY,,FULL_SPLIT,database_only_external_missing,,0,,,,Only DATABASE reference value is present; external current source still needed before promotion.,database_only_external_missing,true
DS1004,"San Rafael, Dirty Devil",Desert Bighorn Sheep,Male Only,Any Legal Weapon,Conservation,"Sept 13 - Dec 31, 2025",HANUMBER|HUNTTABLE|DATABASE,,,,,,,,,,,,,1,0,1,,,,NONE_EXTERNAL_DATABASE_REFERENCE_ONLY,REVIEW_REQUIRED,0,,DATABASE_HAS_VALUE_NO_RECOMMENDATION,FIND_EXTERNAL_SOURCE_BEFORE_PROMOTION,No non-database current source has permit values; database has a reference value only.,OK,LIVE_AND_DATABASE,DATABASE_ONLY,,FULL_SPLIT,database_only_external_missing,,0,,,,Only DATABASE reference value is present; external current source still needed before promotion.,database_only_external_missing,true
DS1006,"Kaiparowits, West",Desert Bighorn Sheep,Male Only,Any Legal Weapon,Conservation,"Sept 13, 2025 - Dec 31, 2025",HANUMBER|HUNTTABLE|DATABASE,,,,,,,,,,,,,1,0,1,,,,NONE_EXTERNAL_DATABASE_REFERENCE_ONLY,REVIEW_REQUIRED,0,,DATABASE_HAS_VALUE_NO_RECOMMENDATION,FIND_EXTERNAL_SOURCE_BEFORE_PROMOTION,No non-database current source has permit values; database has a reference value only.,OK,LIVE_AND_DATABASE,DATABASE_ONLY,,FULL_SPLIT,database_only_external_missing,,0,,,,Only DATABASE reference value is present; external current source still needed before promotion.,database_only_external_missing,true
DS1007,"San Rafael, South",Desert Bighorn Sheep,Male Only,Any Legal Weapon,Conservation,"Sept 13, 2025 - Dec 31, 2025",HANUMBER|HUNTTABLE|DATABASE,,,,,,,,,,,,,1,0,1,,,,NONE_EXTERNAL_DATABASE_REFERENCE_ONLY,REVIEW_REQUIRED,0,,DATABASE_HAS_VALUE_NO_RECOMMENDATION,FIND_EXTERNAL_SOURCE_BEFORE_PROMOTION,No non-database current source has permit values; database has a reference value only.,OK,LIVE_AND_DATABASE,DATABASE_ONLY,,FULL_SPLIT,database_only_external_missing,,0,,,,Only DATABASE reference value is present; external current source still needed before promotion.,database_only_external_missing,true
DS6605,"Pine Valley, Beaver Dam",Desert Bighorn Sheep,Male Only,Any Legal Weapon,Conservation,"Sept 13, 2025 - Dec 31, 2025",HANUMBER|HUNTTABLE|DATABASE,,,,,,,,,,,,,1,0,1,,,,NONE_EXTERNAL_DATABASE_REFERENCE_ONLY,REVIEW_REQUIRED,0,,DATABASE_HAS_VALUE_NO_RECOMMENDATION,FIND_EXTERNAL_SOURCE_BEFORE_PROMOTION,No non-database current source has permit values; database has a reference value only.,OK,LIVE_AND_DATABASE,DATABASE_ONLY,,FULL_SPLIT,database_only_external_missing,,0,,,,Only DATABASE reference value is present; external current source still needed before promotion.,database_only_external_missing,true
EA1180,La Sal (Conservation),Elk,Antlerless,Any Legal Weapon,Conservation,"Oct 4 - Oct 16, 2025 & Nov 17 - Dec 31, 2025",HANUMBER|HUNTTABLE|DATABASE,,,,,,,,,,,,,,,8,,,,NONE_EXTERNAL_DATABASE_REFERENCE_ONLY,REVIEW_REQUIRED,0,,DATABASE_HAS_VALUE_NO_RECOMMENDATION,FIND_EXTERNAL_SOURCE_BEFORE_PROMOTION,No non-database current source has permit values; database has a reference value only.,OK,LIVE_AND_DATABASE,DATABASE_ONLY,,NO_QUOTA_PUBLISHED,database_only_external_missing,,0,,,,Only DATABASE reference value is present; external current source still needed before promotion.,database_only_external_missing,true
EA1220,Manti (Expo),Elk,Antlerless,Any Legal Weapon,General Season,"Oct 4 - Oct 16, 2025",HANUMBER|HUNTTABLE|DATABASE,,,,,,,,,,,,,,,3,,,,NONE_EXTERNAL_DATABASE_REFERENCE_ONLY,REVIEW_REQUIRED,0,,DATABASE_HAS_VALUE_NO_RECOMMENDATION,FIND_EXTERNAL_SOURCE_BEFORE_PROMOTION,No non-database current source has permit values; database has a reference value only.,OK,LIVE_AND_DATABASE,DATABASE_ONLY,,HARD_COPY_EXPO_TOTAL_ONLY,database_only_external_missing,,0,,,,Only DATABASE reference value is present; external current source still needed before promotion.,database_only_external_missing,true
EA1221,Fishlake/Thousand Lake (Expo),Elk,Antlerless,Any Legal Weapon,General Season,"Oct 4 - Oct 16, 2025",HANUMBER|HUNTTABLE|DATABASE,,,,,,,,,,,,,,,1,,,,NONE_EXTERNAL_DATABASE_REFERENCE_ONLY,REVIEW_REQUIRED,0,,DATABASE_HAS_VALUE_NO_RECOMMENDATION,FIND_EXTERNAL_SOURCE_BEFORE_PROMOTION,No non-database current source has permit values; database has a reference value only.,OK,LIVE_AND_DATABASE,DATABASE_ONLY,,HARD_COPY_EXPO_TOTAL_ONLY,database_only_external_missing,,0,,,,Only DATABASE reference value is present; external current source still needed before promotion.,database_only_external_missing,true
EA1258,La Sal (Expo),Elk,Antlerless,Any Legal Weapon,General Season,"Oct 4 - Oct 16, 2025",HANUMBER|HUNTTABLE|DATABASE,,,,,,,,,,,,,,,1,,,,NONE_EXTERNAL_DATABASE_REFERENCE_ONLY,REVIEW_REQUIRED,0,,DATABASE_HAS_VALUE_NO_RECOMMENDATION,FIND_EXTERNAL_SOURCE_BEFORE_PROMOTION,No non-database current source has permit values; database has a reference value only.,OK,LIVE_AND_DATABASE,DATABASE_ONLY,,HARD_COPY_EXPO_TOTAL_ONLY,database_only_external_missing,,0,,,,Only DATABASE reference value is present; external current source still needed before promotion.,database_only_external_missing,true
EA1270,Fishlake (Conservation),Elk,Antlerless,Any Legal Weapon,Conservation,"Oct 4 - Oct 16, 2025 & Nov 22 - Dec 31, 2025",HANUMBER|HUNTTABLE|DATABASE,,,,,,,,,,,,,,,4,,,,NONE_EXTERNAL_DATABASE_REFERENCE_ONLY,REVIEW_REQUIRED,0,,DATABASE_HAS_VALUE_NO_RECOMMENDATION,FIND_EXTERNAL_SOURCE_BEFORE_PROMOTION,No non-database current source has permit values; database has a reference value only.,OK,LIVE_AND_DATABASE,DATABASE_ONLY,,NO_QUOTA_PUBLISHED,database_only_external_missing,,0,,,,Only DATABASE reference value is present; external current source still needed before promotion.,database_only_external_missing,true
EA1271,Manti (Conservation),Elk,Antlerless,Any Legal Weapon,Conservation,"Oct 4 - Oct 16, 2025 & Nov 19, 2025 - Jan 31, 2026",HANUMBER|HUNTTABLE|DATABASE,,,,,,,,,,,,,,,4,,,,NONE_EXTERNAL_DATABASE_REFERENCE_ONLY,REVIEW_REQUIRED,0,,DATABASE_HAS_VALUE_NO_RECOMMENDATION,FIND_EXTERNAL_SOURCE_BEFORE_PROMOTION,No non-database current source has permit values; database has a reference value only.,OK,LIVE_AND_DATABASE,DATABASE_ONLY,,NO_QUOTA_PUBLISHED,database_only_external_missing,,0,,,,Only DATABASE reference value is present; external current source still needed before promotion.,database_only_external_missing,true
EA2041,Cache (Conservation),Elk,Antlerless,Any Legal Weapon,Conservation,"Oct 4 - Oct 26, 2025",HANUMBER|HUNTTABLE|DATABASE,,,,,,,,,,,,,,,6,,,,NONE_EXTERNAL_DATABASE_REFERENCE_ONLY,REVIEW_REQUIRED,0,,DATABASE_HAS_VALUE_NO_RECOMMENDATION,FIND_EXTERNAL_SOURCE_BEFORE_PROMOTION,No non-database current source has permit values; database has a reference value only.,OK,LIVE_AND_DATABASE,DATABASE_ONLY,,NO_QUOTA_PUBLISHED,database_only_external_missing,,0,,,,Only DATABASE reference value is present; external current source still needed before promotion.,database_only_external_missing,true
EA2045,Wasatch Mtns (Conservation),Elk,Antlerless,Any Legal Weapon,Conservation,"Oct 4 - Oct 16, 2025 & Nov 15, 2025 - Jan 31, 2026",HANUMBER|HUNTTABLE|DATABASE,,,,,,,,,,,,,,,10,,,,NONE_EXTERNAL_DATABASE_REFERENCE_ONLY,REVIEW_REQUIRED,0,,DATABASE_HAS_VALUE_NO_RECOMMENDATION,FIND_EXTERNAL_SOURCE_BEFORE_PROMOTION,No non-database current source has permit values; database has a reference value only.,OK,LIVE_AND_DATABASE,DATABASE_ONLY,,NO_QUOTA_PUBLISHED,database_only_external_missing,,0,,,,Only DATABASE reference value is present; external current source still needed before promotion.,database_only_external_missing,true
EB1001,Any Bull Elk Units,Elk,Bull,Any Legal Weapon,General Season - Any Bull,Oct 04 2025 - Oct 10 2025,HANUMBER|HUNTTABLE|DATABASE,,,,,,,,,,,,,,,10,,,,NONE_EXTERNAL_DATABASE_REFERENCE_ONLY,REVIEW_REQUIRED,0,,DATABASE_HAS_VALUE_NO_RECOMMENDATION,FIND_EXTERNAL_SOURCE_BEFORE_PROMOTION,No non-database current source has permit values; database has a reference value only.,OK,LIVE_AND_DATABASE,DATABASE_ONLY,,,database_only_external_missing,,0,,,,Only DATABASE reference value is present; external current source still needed before promotion.,database_only_external_missing,true
EB1002,Any Bull Elk Units,Elk,Bull,Muzzleloader,General Season - Any Bull,Oct 29 2025 - Nov 06 2025,HANUMBER|HUNTTABLE|DATABASE,,,,,,,,,,,,,,,6,,,,NONE_EXTERNAL_DATABASE_REFERENCE_ONLY,REVIEW_REQUIRED,0,,DATABASE_HAS_VALUE_NO_RECOMMENDATION,FIND_EXTERNAL_SOURCE_BEFORE_PROMOTION,No non-database current source has permit values; database has a reference value only.,OK,LIVE_AND_DATABASE,DATABASE_ONLY,,,database_only_external_missing,,0,,,,Only DATABASE reference value is present; external current source still needed before promotion.,database_only_external_missing,true
EB1003,Spike Only Units,Elk,Bull,Any Legal Weapon,General Season - Spike Bull,Oct 04 2025 - Oct 16 2025,HANUMBER|HUNTTABLE|DATABASE,,,,,,,,,,,,,,,16,,,,NONE_EXTERNAL_DATABASE_REFERENCE_ONLY,REVIEW_REQUIRED,0,,DATABASE_HAS_VALUE_NO_RECOMMENDATION,FIND_EXTERNAL_SOURCE_BEFORE_PROMOTION,No non-database current source has permit values; database has a reference value only.,OK,LIVE_AND_DATABASE,DATABASE_ONLY,,,database_only_external_missing,,0,,,,Only DATABASE reference value is present; external current source still needed before promotion.,database_only_external_missing,true
EB1004,Spike Only Units,Elk,Bull,Muzzleloader,General Season - Spike Bull,Oct 29 2025 - Nov 06 2025,HANUMBER|HUNTTABLE|DATABASE,,,,,,,,,,,,,,,6,,,,NONE_EXTERNAL_DATABASE_REFERENCE_ONLY,REVIEW_REQUIRED,0,,DATABASE_HAS_VALUE_NO_RECOMMENDATION,FIND_EXTERNAL_SOURCE_BEFORE_PROMOTION,No non-database current source has permit values; database has a reference value only.,OK,LIVE_AND_DATABASE,DATABASE_ONLY,,,database_only_external_missing,,0,,,,Only DATABASE reference value is present; external current source still needed before promotion.,database_only_external_missing,true
EB1005,Archery Hunters Choice Elk,Elk,Bull,Archery,General Season - Archery,"Any bull units: Aug 16 2025 - Sept 17 2025 | Spike only units: Aug 16-Sept 5, 2025 (Paunsaugunt closed to archery)",HANUMBER|HUNTTABLE|DATABASE,,,,,,,,,,,,,,,16,,,,NONE_EXTERNAL_DATABASE_REFERENCE_ONLY,REVIEW_REQUIRED,0,,DATABASE_HAS_VALUE_NO_RECOMMENDATION,FIND_EXTERNAL_SOURCE_BEFORE_PROMOTION,No non-database current source has permit values; database has a reference value only.,OK,LIVE_AND_DATABASE,DATABASE_ONLY,,,database_only_external_missing,,0,,,,Only DATABASE reference value is present; external current source still needed before promotion.,database_only_external_missing,true
EB1010,Any Bull Elk Units,Elk,Bull,Any Legal Weapon,General Season - Any Bull,Oct 11 2025 - Oct 17 2025,HANUMBER|HUNTTABLE|DATABASE,,,,,,,,,,,,,,,17,,,,NONE_EXTERNAL_DATABASE_REFERENCE_ONLY,REVIEW_REQUIRED,0,,DATABASE_HAS_VALUE_NO_RECOMMENDATION,FIND_EXTERNAL_SOURCE_BEFORE_PROMOTION,No non-database current source has permit values; database has a reference value only.,OK,LIVE_AND_DATABASE,DATABASE_ONLY,,,database_only_external_missing,,0,,,,Only DATABASE reference value is present; external current source still needed before promotion.,database_only_external_missing,true
EB3128,"Box Elder, Grouse Creek",Elk,Bull,Multiseason,Conservation,"Any Legal Weapon: Sept 16-20, 2026 & Oct 3 - 15, 2026 | Muzz: Sept 21-Oct 2, 2026",HANUMBER|HUNTTABLE|DATABASE,,,,,,,,,,,,,,,1,,,,NONE_EXTERNAL_DATABASE_REFERENCE_ONLY,REVIEW_REQUIRED,0,,DATABASE_HAS_VALUE_NO_RECOMMENDATION,FIND_EXTERNAL_SOURCE_BEFORE_PROMOTION,No non-database current source has permit values; database has a reference value only.,OK,LIVE_AND_DATABASE,DATABASE_ONLY,,TOTAL_ONLY,database_only_external_missing,,0,,,,Only DATABASE reference value is present; external current source still needed before promotion.,database_only_external_missing,true
EB3209,"Box Elder, Pilot Mtn",Elk,Bull,Multiseason,Conservation,"Archery: Aug 15-Sept 6, 2026 | Any Legal Weapon: Sept 12-Oct 2, 2026",HANUMBER|HUNTTABLE|DATABASE,,,,,,,,,,,,,,,1,,,,NONE_EXTERNAL_DATABASE_REFERENCE_ONLY,REVIEW_REQUIRED,0,,DATABASE_HAS_VALUE_NO_RECOMMENDATION,FIND_EXTERNAL_SOURCE_BEFORE_PROMOTION,No non-database current source has permit values; database has a reference value only.,OK,LIVE_AND_DATABASE,DATABASE_ONLY,,TOTAL_ONLY,database_only_external_missing,,0,,,,Only DATABASE reference value is present; external current source still needed before promotion.,database_only_external_missing,true
LO1531,Box Elder,Deer,Buck,Any Legal Weapon (Late),General Season - Private Land Only,Oct 18 2025 - Oct 26 2025 - PRIVATE LAND ONLY,HANUMBER|HUNTTABLE|BUCK_DEER|DATABASE,,,,,,,,,,,,,,,2,,,,NONE_EXTERNAL_DATABASE_REFERENCE_ONLY,REVIEW_REQUIRED,0,,DATABASE_HAS_VALUE_NO_RECOMMENDATION,FIND_EXTERNAL_SOURCE_BEFORE_PROMOTION,No non-database current source has permit values; database has a reference value only.,OK,LIVE_AND_DATABASE,DATABASE_ONLY,XLSX_PERMIT_ROWS_REPAIRED_MATCH_PASTED_SOURCE,,database_only_external_missing,,0,,,,Only DATABASE reference value is present; external current source still needed before promotion.,database_only_external_missing,true
LO1534,Nebo,Deer,Buck,Any Legal Weapon (Late),General Season - Private Land Only,Oct 18 2025 - Oct 26 2025 - PRIVATE LAND ONLY,HANUMBER|HUNTTABLE|BUCK_DEER|DATABASE,,,,,,,,,,,,,,,2,,,,NONE_EXTERNAL_DATABASE_REFERENCE_ONLY,REVIEW_REQUIRED,0,,DATABASE_HAS_VALUE_NO_RECOMMENDATION,FIND_EXTERNAL_SOURCE_BEFORE_PROMOTION,No non-database current source has permit values; database has a reference value only.,OK,LIVE_AND_DATABASE,DATABASE_ONLY,XLSX_PERMIT_ROWS_REPAIRED_MATCH_PASTED_SOURCE,,database_only_external_missing,,0,,,,Only DATABASE reference value is present; external current source still needed before promotion.,database_only_external_missing,true
LO1536,Fillmore,Deer,Buck,Any Legal Weapon (Late),General Season - Private Land Only,Oct 18 2025 - Oct 26 2025 - PRIVATE LAND ONLY,HANUMBER|HUNTTABLE|BUCK_DEER|DATABASE,,,,,,,,,,,,,,,2,,,,NONE_EXTERNAL_DATABASE_REFERENCE_ONLY,REVIEW_REQUIRED,0,,DATABASE_HAS_VALUE_NO_RECOMMENDATION,FIND_EXTERNAL_SOURCE_BEFORE_PROMOTION,No non-database current source has permit values; database has a reference value only.,OK,LIVE_AND_DATABASE,DATABASE_ONLY,XLSX_PERMIT_ROWS_REPAIRED_MATCH_PASTED_SOURCE,,database_only_external_missing,,0,,,,Only DATABASE reference value is present; external current source still needed before promotion.,database_only_external_missing,true
LO1538,Kamas,Deer,Buck,Any Legal Weapon (Late),General Season - Private Land Only,Oct 18 2025 - Oct 26 2025 - PRIVATE LAND ONLY,HANUMBER|HUNTTABLE|BUCK_DEER|DATABASE,,,,,,,,,,,,,,,2,,,,NONE_EXTERNAL_DATABASE_REFERENCE_ONLY,REVIEW_REQUIRED,0,,DATABASE_HAS_VALUE_NO_RECOMMENDATION,FIND_EXTERNAL_SOURCE_BEFORE_PROMOTION,No non-database current source has permit values; database has a reference value only.,OK,LIVE_AND_DATABASE,DATABASE_ONLY,XLSX_PERMIT_ROWS_REPAIRED_MATCH_PASTED_SOURCE,,database_only_external_missing,,0,,,,Only DATABASE reference value is present; external current source still needed before promotion.,database_only_external_missing,true
LO1540,Monroe,Deer,Buck,Any Legal Weapon (Late),General Season - Private Land Only,Oct 18 2025 - Oct 26 2025 - PRIVATE LAND ONLY,HANUMBER|HUNTTABLE|BUCK_DEER|DATABASE,,,,,,,,,,,,,,,2,,,,NONE_EXTERNAL_DATABASE_REFERENCE_ONLY,REVIEW_REQUIRED,0,,DATABASE_HAS_VALUE_NO_RECOMMENDATION,FIND_EXTERNAL_SOURCE_BEFORE_PROMOTION,No non-database current source has permit values; database has a reference value only.,OK,LIVE_AND_DATABASE,DATABASE_ONLY,XLSX_PERMIT_ROWS_REPAIRED_MATCH_PASTED_SOURCE,,database_only_external_missing,,0,,,,Only DATABASE reference value is present; external current source still needed before promotion.,database_only_external_missing,true
LO1541,Mt Dutton,Deer,Buck,Any Legal Weapon (Late),General Season - Private Land Only,Oct 18 2025 - Oct 26 2025 - PRIVATE LAND ONLY,HANUMBER|HUNTTABLE|BUCK_DEER|DATABASE,,,,,,,,,,,,,,,2,,,,NONE_EXTERNAL_DATABASE_REFERENCE_ONLY,REVIEW_REQUIRED,0,,DATABASE_HAS_VALUE_NO_RECOMMENDATION,FIND_EXTERNAL_SOURCE_BEFORE_PROMOTION,No non-database current source has permit values; database has a reference value only.,OK,LIVE_AND_DATABASE,DATABASE_ONLY,XLSX_PERMIT_ROWS_REPAIRED_MATCH_PASTED_SOURCE,,database_only_external_missing,,0,,,,Only DATABASE reference value is present; external current source still needed before promotion.,database_only_external_missing,true
LO1542,Nine Mile,Deer,Buck,Any Legal Weapon (Late),General Season - Private Land Only,Oct 18 2025 - Oct 26 2025 - PRIVATE LAND ONLY,HANUMBER|HUNTTABLE|BUCK_DEER|DATABASE,,,,,,,,,,,,,,,2,,,,NONE_EXTERNAL_DATABASE_REFERENCE_ONLY,REVIEW_REQUIRED,0,,DATABASE_HAS_VALUE_NO_RECOMMENDATION,FIND_EXTERNAL_SOURCE_BEFORE_PROMOTION,No non-database current source has permit values; database has a reference value only.,OK,LIVE_AND_DATABASE,DATABASE_ONLY,XLSX_PERMIT_ROWS_REPAIRED_MATCH_PASTED_SOURCE,,database_only_external_missing,,0,,,,Only DATABASE reference value is present; external current source still needed before promotion.,database_only_external_missing,true
LO1544,Ogden,Deer,Buck,Any Legal Weapon (Late),General Season - Private Land Only,Oct 18 2025 - Oct 26 2025 - PRIVATE LAND ONLY,HANUMBER|HUNTTABLE|BUCK_DEER|DATABASE,,,,,,,,,,,,,,,2,,,,NONE_EXTERNAL_DATABASE_REFERENCE_ONLY,REVIEW_REQUIRED,0,,DATABASE_HAS_VALUE_NO_RECOMMENDATION,FIND_EXTERNAL_SOURCE_BEFORE_PROMOTION,No non-database current source has permit values; database has a reference value only.,OK,LIVE_AND_DATABASE,DATABASE_ONLY,XLSX_PERMIT_ROWS_REPAIRED_MATCH_PASTED_SOURCE,,database_only_external_missing,,0,,,,Only DATABASE reference value is present; external current source still needed before promotion.,database_only_external_missing,true
LO1547,Pine Valley,Deer,Buck,Any Legal Weapon (Late),General Season - Private Land Only,Oct 18 2025 - Oct 26 2025 - PRIVATE LAND ONLY,HANUMBER|HUNTTABLE|BUCK_DEER|DATABASE,,,,,,,,,,,,,,,2,,,,NONE_EXTERNAL_DATABASE_REFERENCE_ONLY,REVIEW_REQUIRED,0,,DATABASE_HAS_VALUE_NO_RECOMMENDATION,FIND_EXTERNAL_SOURCE_BEFORE_PROMOTION,No non-database current source has permit values; database has a reference value only.,OK,LIVE_AND_DATABASE,DATABASE_ONLY,XLSX_PERMIT_ROWS_REPAIRED_MATCH_PASTED_SOURCE,,database_only_external_missing,,0,,,,Only DATABASE reference value is present; external current source still needed before promotion.,database_only_external_missing,true
LO1549,Fishlake,Deer,Buck,Any Legal Weapon (Late),General Season - Private Land Only,Oct 18 2025 - Oct 26 2025 - PRIVATE LAND ONLY,HANUMBER|HUNTTABLE|BUCK_DEER|DATABASE,,,,,,,,,,,,,,,2,,,,NONE_EXTERNAL_DATABASE_REFERENCE_ONLY,REVIEW_REQUIRED,0,,DATABASE_HAS_VALUE_NO_RECOMMENDATION,FIND_EXTERNAL_SOURCE_BEFORE_PROMOTION,No non-database current source has permit values; database has a reference value only.,OK,LIVE_AND_DATABASE,DATABASE_ONLY,XLSX_PERMIT_ROWS_REPAIRED_MATCH_PASTED_SOURCE,,database_only_external_missing,,0,,,,Only DATABASE reference value is present; external current source still needed before promotion.,database_only_external_missing,true
LO1559,Zion,Deer,Buck,Any Legal Weapon (Late),General Season - Private Land Only,Oct 18 2025 - Oct 26 2025 - PRIVATE LAND ONLY,HANUMBER|HUNTTABLE|BUCK_DEER|DATABASE,,,,,,,,,,,,,,,2,,,,NONE_EXTERNAL_DATABASE_REFERENCE_ONLY,REVIEW_REQUIRED,0,,DATABASE_HAS_VALUE_NO_RECOMMENDATION,FIND_EXTERNAL_SOURCE_BEFORE_PROMOTION,No non-database current source has permit values; database has a reference value only.,OK,LIVE_AND_DATABASE,DATABASE_ONLY,XLSX_PERMIT_ROWS_REPAIRED_MATCH_PASTED_SOURCE,,database_only_external_missing,,0,,,,Only DATABASE reference value is present; external current source still needed before promotion.,database_only_external_missing,true
LO1591,Fillmore,Deer,Buck,Any Legal Weapon (Early),General Season - Private Land Only,Oct 08 2025 - Oct 12 2025 - PRIVATE LAND ONLY,HANUMBER|HUNTTABLE|BUCK_DEER|DATABASE,,,,,,,,,,,,,,,1,,,,NONE_EXTERNAL_DATABASE_REFERENCE_ONLY,REVIEW_REQUIRED,0,,DATABASE_HAS_VALUE_NO_RECOMMENDATION,FIND_EXTERNAL_SOURCE_BEFORE_PROMOTION,No non-database current source has permit values; database has a reference value only.,OK,LIVE_AND_DATABASE,DATABASE_ONLY,XLSX_PERMIT_ROWS_REPAIRED_MATCH_PASTED_SOURCE,,database_only_external_missing,,0,,,,Only DATABASE reference value is present; external current source still needed before promotion.,database_only_external_missing,true
LO1592,Kamas,Deer,Buck,Any Legal Weapon (Early),General Season - Private Land Only,Oct 08 2025 - Oct 12 2025 - PRIVATE LAND ONLY,HANUMBER|HUNTTABLE|BUCK_DEER|DATABASE,,,,,,,,,,,,,,,1,,,,NONE_EXTERNAL_DATABASE_REFERENCE_ONLY,REVIEW_REQUIRED,0,,DATABASE_HAS_VALUE_NO_RECOMMENDATION,FIND_EXTERNAL_SOURCE_BEFORE_PROMOTION,No non-database current source has permit values; database has a reference value only.,OK,LIVE_AND_DATABASE,DATABASE_ONLY,XLSX_PERMIT_ROWS_REPAIRED_MATCH_PASTED_SOURCE,,database_only_external_missing,,0,,,,Only DATABASE reference value is present; external current source still needed before promotion.,database_only_external_missing,true
LO1593,Nine Mile,Deer,Buck,Any Legal Weapon (Early),General Season - Private Land Only,Oct 08 2025 - Oct 12 2025 - PRIVATE LAND ONLY,HANUMBER|HUNTTABLE|BUCK_DEER|DATABASE,,,,,,,,,,,,,,,1,,,,NONE_EXTERNAL_DATABASE_REFERENCE_ONLY,REVIEW_REQUIRED,0,,DATABASE_HAS_VALUE_NO_RECOMMENDATION,FIND_EXTERNAL_SOURCE_BEFORE_PROMOTION,No non-database current source has permit values; database has a reference value only.,OK,LIVE_AND_DATABASE,DATABASE_ONLY,XLSX_PERMIT_ROWS_REPAIRED_MATCH_PASTED_SOURCE,,database_only_external_missing,,0,,,,Only DATABASE reference value is present; external current source still needed before promotion.,database_only_external_missing,true
LO1595,Pine Valley,Deer,Buck,Any Legal Weapon (Early),General Season - Private Land Only,Oct 08 2025 - Oct 12 2025 - PRIVATE LAND ONLY,HANUMBER|HUNTTABLE|BUCK_DEER|DATABASE,,,,,,,,,,,,,,,1,,,,NONE_EXTERNAL_DATABASE_REFERENCE_ONLY,REVIEW_REQUIRED,0,,DATABASE_HAS_VALUE_NO_RECOMMENDATION,FIND_EXTERNAL_SOURCE_BEFORE_PROMOTION,No non-database current source has permit values; database has a reference value only.,OK,LIVE_AND_DATABASE,DATABASE_ONLY,XLSX_PERMIT_ROWS_REPAIRED_MATCH_PASTED_SOURCE,,database_only_external_missing,,0,,,,Only DATABASE reference value is present; external current source still needed before promotion.,database_only_external_missing,true
LO1596,Fishlake,Deer,Buck,Any Legal Weapon (Early),General Season - Private Land Only,Oct 08 2025 - Oct 12 2025 - PRIVATE LAND ONLY,HANUMBER|HUNTTABLE|BUCK_DEER|DATABASE,,,,,,,,,,,,,,,1,,,,NONE_EXTERNAL_DATABASE_REFERENCE_ONLY,REVIEW_REQUIRED,0,,DATABASE_HAS_VALUE_NO_RECOMMENDATION,FIND_EXTERNAL_SOURCE_BEFORE_PROMOTION,No non-database current source has permit values; database has a reference value only.,OK,LIVE_AND_DATABASE,DATABASE_ONLY,XLSX_PERMIT_ROWS_REPAIRED_MATCH_PASTED_SOURCE,,database_only_external_missing,,0,,,,Only DATABASE reference value is present; external current source still needed before promotion.,database_only_external_missing,true
LO1597,Zion,Deer,Buck,Any Legal Weapon (Early),General Season - Private Land Only,Oct 08 2025 - Oct 12 2025 - PRIVATE LAND ONLY,HANUMBER|HUNTTABLE|BUCK_DEER|DATABASE,,,,,,,,,,,,,,,1,,,,NONE_EXTERNAL_DATABASE_REFERENCE_ONLY,REVIEW_REQUIRED,0,,DATABASE_HAS_VALUE_NO_RECOMMENDATION,FIND_EXTERNAL_SOURCE_BEFORE_PROMOTION,No non-database current source has permit values; database has a reference value only.,OK,LIVE_AND_DATABASE,DATABASE_ONLY,XLSX_PERMIT_ROWS_REPAIRED_MATCH_PASTED_SOURCE,,database_only_external_missing,,0,,,,Only DATABASE reference value is present; external current source still needed before promotion.,database_only_external_missing,true
LO1627,Cache,Deer,Buck,Restricted Rifle,General Season - Private Land Only,Oct 18 2025 - Oct 26 2025 - PRIVATE LAND ONLY,HANUMBER|HUNTTABLE|BUCK_DEER|DATABASE,,,,,,,,,,,,,,,2,,,,NONE_EXTERNAL_DATABASE_REFERENCE_ONLY,REVIEW_REQUIRED,0,,DATABASE_HAS_VALUE_NO_RECOMMENDATION,FIND_EXTERNAL_SOURCE_BEFORE_PROMOTION,No non-database current source has permit values; database has a reference value only.,OK,LIVE_AND_DATABASE,DATABASE_ONLY,XLSX_PERMIT_ROWS_REPAIRED_MATCH_PASTED_SOURCE,,database_only_external_missing,,0,,,,Only DATABASE reference value is present; external current source still needed before promotion.,database_only_external_missing,true
LO1628,Cache,Deer,Buck,Restricted Muzzleloader,General Season - Private Land Only,Sept 24 2025 - Oct 02 2025 - PRIVATE LAND ONLY,HANUMBER|HUNTTABLE|BUCK_DEER|DATABASE,,,,,,,,,,,,,,,2,,,,NONE_EXTERNAL_DATABASE_REFERENCE_ONLY,REVIEW_REQUIRED,0,,DATABASE_HAS_VALUE_NO_RECOMMENDATION,FIND_EXTERNAL_SOURCE_BEFORE_PROMOTION,No non-database current source has permit values; database has a reference value only.,OK,LIVE_AND_DATABASE,DATABASE_ONLY,XLSX_PERMIT_ROWS_REPAIRED_MATCH_PASTED_SOURCE,,database_only_external_missing,,0,,,,Only DATABASE reference value is present; external current source still needed before promotion.,database_only_external_missing,true
LO1631,Box Elder,Deer,Buck,Any Legal Weapon (Early),General Season - Private Land Only,Oct 08 2025 - Oct 12 2025 - PRIVATE LAND ONLY,HANUMBER|HUNTTABLE|BUCK_DEER|DATABASE,,,,,,,,,,,,,,,1,,,,NONE_EXTERNAL_DATABASE_REFERENCE_ONLY,REVIEW_REQUIRED,0,,DATABASE_HAS_VALUE_NO_RECOMMENDATION,FIND_EXTERNAL_SOURCE_BEFORE_PROMOTION,No non-database current source has permit values; database has a reference value only.,OK,LIVE_AND_DATABASE,DATABASE_ONLY,XLSX_PERMIT_ROWS_REPAIRED_MATCH_PASTED_SOURCE,,database_only_external_missing,,0,,,,Only DATABASE reference value is present; external current source still needed before promotion.,database_only_external_missing,true
RS1001,"Book Cliffs, South",Rocky Mountain Bighorn Sheep,Male Only,Any Legal Weapon,Conservation,"Nov 1 - Dec 31, 2025",HANUMBER|HUNTTABLE|DATABASE,,,,,,,,,,,,,1,0,1,,,,NONE_EXTERNAL_DATABASE_REFERENCE_ONLY,REVIEW_REQUIRED,0,,DATABASE_HAS_VALUE_NO_RECOMMENDATION,FIND_EXTERNAL_SOURCE_BEFORE_PROMOTION,No non-database current source has permit values; database has a reference value only.,OK,LIVE_AND_DATABASE,DATABASE_ONLY,,FULL_SPLIT,database_only_external_missing,,0,,,,Only DATABASE reference value is present; external current source still needed before promotion.,database_only_external_missing,true
RS1003,"Box Elder, Newfoundland Mtn",Rocky Mountain Bighorn Sheep,Male Only,Any Legal Weapon,Conservation,"Oct 25 - Dec 31, 2025",HANUMBER|HUNTTABLE|DATABASE,,,,,,,,,,,,,1,0,1,,,,NONE_EXTERNAL_DATABASE_REFERENCE_ONLY,REVIEW_REQUIRED,0,,DATABASE_HAS_VALUE_NO_RECOMMENDATION,FIND_EXTERNAL_SOURCE_BEFORE_PROMOTION,No non-database current source has permit values; database has a reference value only.,OK,LIVE_AND_DATABASE,DATABASE_ONLY,,FULL_SPLIT,database_only_external_missing,,0,,,,Only DATABASE reference value is present; external current source still needed before promotion.,database_only_external_missing,true
RS1006,"Nine Mile, Gray Canyon",Rocky Mountain Bighorn Sheep,Male Only,Any Legal Weapon,Conservation,"Nov 1 - Dec 31, 2025",HANUMBER|HUNTTABLE|DATABASE,,,,,,,,,,,,,1,0,1,,,,NONE_EXTERNAL_DATABASE_REFERENCE_ONLY,REVIEW_REQUIRED,0,,DATABASE_HAS_VALUE_NO_RECOMMENDATION,FIND_EXTERNAL_SOURCE_BEFORE_PROMOTION,No non-database current source has permit values; database has a reference value only.,OK,LIVE_AND_DATABASE,DATABASE_ONLY,,FULL_SPLIT,database_only_external_missing,,0,,,,Only DATABASE reference value is present; external current source still needed before promotion.,database_only_external_missing,true
TK1012,Central Area,Turkey,Bearded,Any Legal Weapon,Conservation,"Limited Entry: Apr 11-30, 2026 | General Season: May 4-31, 2026 | YOUTH ONLY: May 1-3, 2026",HANUMBER|HUNTTABLE|DATABASE,,,,,,,,,,,,,,,8,,,,NONE_EXTERNAL_DATABASE_REFERENCE_ONLY,REVIEW_REQUIRED,0,,DATABASE_HAS_VALUE_NO_RECOMMENDATION,FIND_EXTERNAL_SOURCE_BEFORE_PROMOTION,No non-database current source has permit values; database has a reference value only.,OK,LIVE_AND_DATABASE,DATABASE_ONLY,,,database_only_external_missing,,0,,,,Only DATABASE reference value is present; external current source still needed before promotion.,database_only_external_missing,true
TK1013,Northeastern Area,Turkey,Bearded,Any Legal Weapon,Conservation,"Limited Entry: Apr 11-30, 2026 | General Season: May 4-31, 2026 | YOUTH ONLY: May 1-3, 2026",HANUMBER|HUNTTABLE|DATABASE,,,,,,,,,,,,,,,8,,,,NONE_EXTERNAL_DATABASE_REFERENCE_ONLY,REVIEW_REQUIRED,0,,DATABASE_HAS_VALUE_NO_RECOMMENDATION,FIND_EXTERNAL_SOURCE_BEFORE_PROMOTION,No non-database current source has permit values; database has a reference value only.,OK,LIVE_AND_DATABASE,DATABASE_ONLY,,,database_only_external_missing,,0,,,,Only DATABASE reference value is present; external current source still needed before promotion.,database_only_external_missing,true
TK1014,Northern Area,Turkey,Bearded,Any Legal Weapon,Conservation,"Limited Entry: Apr 11-30, 2026 | General Season: May 4-31, 2026 | YOUTH ONLY: May 1-3, 2026",HANUMBER|HUNTTABLE|DATABASE,,,,,,,,,,,,,,,8,,,,NONE_EXTERNAL_DATABASE_REFERENCE_ONLY,REVIEW_REQUIRED,0,,DATABASE_HAS_VALUE_NO_RECOMMENDATION,FIND_EXTERNAL_SOURCE_BEFORE_PROMOTION,No non-database current source has permit values; database has a reference value only.,OK,LIVE_AND_DATABASE,DATABASE_ONLY,,,database_only_external_missing,,0,,,,Only DATABASE reference value is present; external current source still needed before promotion.,database_only_external_missing,true
TK1015,Southeastern Area,Turkey,Bearded,Any Legal Weapon,Conservation,"Limited Entry: Apr 11-30, 2026 | General Season: May 4-31, 2026 | YOUTH ONLY: May 1-3, 2026",HANUMBER|HUNTTABLE|DATABASE,,,,,,,,,,,,,,,8,,,,NONE_EXTERNAL_DATABASE_REFERENCE_ONLY,REVIEW_REQUIRED,0,,DATABASE_HAS_VALUE_NO_RECOMMENDATION,FIND_EXTERNAL_SOURCE_BEFORE_PROMOTION,No non-database current source has permit values; database has a reference value only.,OK,LIVE_AND_DATABASE,DATABASE_ONLY,,,database_only_external_missing,,0,,,,Only DATABASE reference value is present; external current source still needed before promotion.,database_only_external_missing,true
TK1016,Southern Area,Turkey,Bearded,Any Legal Weapon,Conservation,"Limited Entry: Apr 11-30, 2026 | General Season: May 4-31, 2026 | YOUTH ONLY: May 1-3, 2026",HANUMBER|HUNTTABLE|DATABASE,,,,,,,,,,,,,,,8,,,,NONE_EXTERNAL_DATABASE_REFERENCE_ONLY,REVIEW_REQUIRED,0,,DATABASE_HAS_VALUE_NO_RECOMMENDATION,FIND_EXTERNAL_SOURCE_BEFORE_PROMOTION,No non-database current source has permit values; database has a reference value only.,OK,LIVE_AND_DATABASE,DATABASE_ONLY,,,database_only_external_missing,,0,,,,Only DATABASE reference value is present; external current source still needed before promotion.,database_only_external_missing,true
BI6527,Nine Mile,Bison,Hunters Choice,Any Legal Weapon,General Season,"Aug 1, 2025 - Jan 31, 2026",HANUMBER|HUNTTABLE|DATABASE,,,,,,,,,,,,,,,,,,,NONE,NO_PERMIT_VALUE,0,,NOT_COMPARED,NO_CURRENT_PERMIT_VALUE_FOUND,No source in this pass has current permit values.,OK,LIVE_AND_DATABASE,DATABASE_ONLY,,NO_QUOTA_PUBLISHED,true_no_permit_value,,0,,,,No current permit value found in the compared sources.,true_no_permit_value,true
BI6538,"Nine Mile, Private Lands Only",Bison,Hunters Choice,Any Legal Weapon,General Season,"Aug 1, 2025 - Jan 31, 2026 | Harvest survey due by Feb 15, 2026 Visit: http://wildlife.utah.gov/harvest to submit your survey",HANUMBER|HUNTTABLE|DATABASE,,,,,,,,,,,,,,,,,,,NONE,NO_PERMIT_VALUE,0,,NOT_COMPARED,NO_CURRENT_PERMIT_VALUE_FOUND,No source in this pass has current permit values.,OK,LIVE_AND_DATABASE,DATABASE_ONLY,,NO_QUOTA_PUBLISHED,true_no_permit_value,,0,,,,No current permit value found in the compared sources.,true_no_permit_value,true
BR1001,Black Bear Harvest Objective Units,Black Bear,Either Sex,Any Legal Weapon,Harvest Objective,Visit wildlife.utah.gov/bearharvest for units & closures. You are required to complete the annual bear orientation course & carry proof while hunting bear. Visit wildlife.utah.gov/bear for details.,HANUMBER|HUNTTABLE|DATABASE,,,,,,,,,,,,,,,,,,,NONE,NO_PERMIT_VALUE,0,,NOT_COMPARED,NO_CURRENT_PERMIT_VALUE_FOUND,No source in this pass has current permit values.,OK,LIVE_AND_DATABASE,DATABASE_ONLY,,,true_no_permit_value,,0,,,,No current permit value found in the compared sources.,true_no_permit_value,true
BR1007,Black Bear Pursuit - Resident,Black Bear,Either Sex,Pursuit Only,Pursuit,"Spring: Mar 28-May 25, 2026 | Summer: July 5-July 31, 2026 | Fall: Nov 2-8, 2026",HANUMBER|HUNTTABLE|DATABASE,,,,,,,,,,,,,,,,,,,NONE,NO_PERMIT_VALUE,0,,NOT_COMPARED,NO_CURRENT_PERMIT_VALUE_FOUND,No source in this pass has current permit values.,OK,LIVE_AND_DATABASE,DATABASE_ONLY,,,true_no_permit_value,,0,,,,No current permit value found in the compared sources.,true_no_permit_value,true
BR1018,Black Bear Pursuit - Nonresident,Black Bear,Either Sex,Pursuit Only,Pursuit,"Spring: Mar 29-May 26, 2025 | Summer: July 5 - Aug 3, 2025 | Fall: Nov 3-9, 2025",HANUMBER|HUNTTABLE|DATABASE,,,,,,,,,,,,,,,,,,,NONE,NO_PERMIT_VALUE,0,,NOT_COMPARED,NO_CURRENT_PERMIT_VALUE_FOUND,No source in this pass has current permit values.,OK,LIVE_AND_DATABASE,DATABASE_ONLY,,,true_no_permit_value,,0,,,,No current permit value found in the compared sources.,true_no_permit_value,true
BR7019,Chalk Creek/East Canyon/Morgan-South Rich,Black Bear,Either Sex,Any Legal Weapon,Limited Entry - Spring,"March 30 - May 27, 2024",HANUMBER|DATABASE,,,,,,,,,,,,,,,,,,,NONE,NO_PERMIT_VALUE,0,,NOT_COMPARED,NO_CURRENT_PERMIT_VALUE_FOUND,No source in this pass has current permit values.,OK,DATABASE_ONLY,DATABASE_ONLY,,HISTORICAL_2025_ONLY_NOT_ACTIVE_2026,true_no_permit_value,,0,,,,No current permit value found in the compared sources.,true_no_permit_value,true
CG9999,Cougar - Statewide,Cougar,Either Sex,Any Legal Weapon,Statewide,,HANUMBER|HUNTTABLE|DATABASE,,,,,,,,,,,,,,,,,,,NONE,NO_PERMIT_VALUE,0,,NOT_COMPARED,NO_CURRENT_PERMIT_VALUE_FOUND,No source in this pass has current permit values.,OK,LIVE_AND_DATABASE,DATABASE_ONLY,,UNLIMITED_PERMITS,true_no_permit_value,,0,,,,No current permit value found in the compared sources.,true_no_permit_value,true
DB0001,Southeastern Navajo Buck Deer,Deer,Buck,Any Legal Weapon,Tribal,"Oct 18, 2025 - Oct 26, 2025",HANUMBER|HUNTTABLE|BUCK_DEER|DATABASE,,,,,,,,,,,,,,,,,,,NONE,NO_PERMIT_VALUE,0,,NOT_COMPARED,NO_CURRENT_PERMIT_VALUE_FOUND,No source in this pass has current permit values.,OK,LIVE_AND_DATABASE,DATABASE_ONLY,XLSX_PERMIT_ROWS_REPAIRED_MATCH_PASTED_SOURCE,,true_no_permit_value,,0,,,,No current permit value found in the compared sources.,true_no_permit_value,true
DB0002,Southeastern Navajo Buck Deer,Deer,Buck,Archery,Tribal,"Aug 16, 2025 - Sept 12, 2025",HANUMBER|HUNTTABLE|BUCK_DEER|DATABASE,,,,,,,,,,,,,,,,,,,NONE,NO_PERMIT_VALUE,0,,NOT_COMPARED,NO_CURRENT_PERMIT_VALUE_FOUND,No source in this pass has current permit values.,OK,LIVE_AND_DATABASE,DATABASE_ONLY,XLSX_PERMIT_ROWS_REPAIRED_MATCH_PASTED_SOURCE,,true_no_permit_value,,0,,,,No current permit value found in the compared sources.,true_no_permit_value,true
DB0003,Southeastern Navajo Buck Deer,Deer,Buck,Muzzleloader,Tribal,"Sept 24 - Oct 2, 2025",HANUMBER|HUNTTABLE|BUCK_DEER|DATABASE,,,,,,,,,,,,,,,,,,,NONE,NO_PERMIT_VALUE,0,,NOT_COMPARED,NO_CURRENT_PERMIT_VALUE_FOUND,No source in this pass has current permit values.,OK,LIVE_AND_DATABASE,DATABASE_ONLY,XLSX_PERMIT_ROWS_REPAIRED_MATCH_PASTED_SOURCE,,true_no_permit_value,,0,,,,No current permit value found in the compared sources.,true_no_permit_value,true
DB0004,Southern Navajo Buck Deer,Deer,Buck,Any Legal Weapon,Tribal,"Oct 18, 2025 - Oct 26, 2025",HANUMBER|HUNTTABLE|BUCK_DEER|DATABASE,,,,,,,,,,,,,,,,,,,NONE,NO_PERMIT_VALUE,0,,NOT_COMPARED,NO_CURRENT_PERMIT_VALUE_FOUND,No source in this pass has current permit values.,OK,LIVE_AND_DATABASE,DATABASE_ONLY,XLSX_PERMIT_ROWS_REPAIRED_MATCH_PASTED_SOURCE,,true_no_permit_value,,0,,,,No current permit value found in the compared sources.,true_no_permit_value,true
DB0005,Southern Navajo Buck Deer,Deer,Buck,Archery,Tribal,"Aug 16, 2025 - Sept 12, 2025",HANUMBER|HUNTTABLE|BUCK_DEER|DATABASE,,,,,,,,,,,,,,,,,,,NONE,NO_PERMIT_VALUE,0,,NOT_COMPARED,NO_CURRENT_PERMIT_VALUE_FOUND,No source in this pass has current permit values.,OK,LIVE_AND_DATABASE,DATABASE_ONLY,XLSX_PERMIT_ROWS_REPAIRED_MATCH_PASTED_SOURCE,,true_no_permit_value,,0,,,,No current permit value found in the compared sources.,true_no_permit_value,true
DB0006,Southern Navajo Buck Deer,Deer,Buck,Muzzleloader,Tribal,"Sept 24 - Oct 2, 2025",HANUMBER|HUNTTABLE|BUCK_DEER|DATABASE,,,,,,,,,,,,,,,,,,,NONE,NO_PERMIT_VALUE,0,,NOT_COMPARED,NO_CURRENT_PERMIT_VALUE_FOUND,No source in this pass has current permit values.,OK,LIVE_AND_DATABASE,DATABASE_ONLY,XLSX_PERMIT_ROWS_REPAIRED_MATCH_PASTED_SOURCE,,true_no_permit_value,,0,,,,No current permit value found in the compared sources.,true_no_permit_value,true
DB0009,Antelope Island - Conservation/Expo,Deer,Buck,Any Legal Weapon,Premium Limited Entry,"Nov 9, 2026 - Nov 16, 2026",HANUMBER|HUNTTABLE|BUCK_DEER|DATABASE,,,,,,,,,,,,,,,,,,,NONE,NO_PERMIT_VALUE,0,,NOT_COMPARED,NO_CURRENT_PERMIT_VALUE_FOUND,No source in this pass has current permit values.,OK,LIVE_AND_DATABASE,DATABASE_ONLY,XLSX_PERMIT_ROWS_REPAIRED_MATCH_PASTED_SOURCE,,true_no_permit_value,,0,,,,No current permit value found in the compared sources.,true_no_permit_value,true
DB0010,Southern Paiute Buck Deer (early),Deer,Buck,Any Legal Weapon,Tribal,"Oct 18, 2025 - Oct 26, 2025",HANUMBER|HUNTTABLE|BUCK_DEER|DATABASE,,,,,,,,,,,,,,,,,,,NONE,NO_PERMIT_VALUE,0,,NOT_COMPARED,NO_CURRENT_PERMIT_VALUE_FOUND,No source in this pass has current permit values.,OK,LIVE_AND_DATABASE,DATABASE_ONLY,XLSX_PERMIT_ROWS_REPAIRED_MATCH_PASTED_SOURCE,,true_no_permit_value,,0,,,,No current permit value found in the compared sources.,true_no_permit_value,true
DB0011,Southern Paiute Buck Deer,Deer,Buck,Archery,Tribal,"Aug 16, 2025 - Sept 12, 2025",HANUMBER|HUNTTABLE|BUCK_DEER|DATABASE,,,,,,,,,,,,,,,,,,,NONE,NO_PERMIT_VALUE,0,,NOT_COMPARED,NO_CURRENT_PERMIT_VALUE_FOUND,No source in this pass has current permit values.,OK,LIVE_AND_DATABASE,DATABASE_ONLY,XLSX_PERMIT_ROWS_REPAIRED_MATCH_PASTED_SOURCE,,true_no_permit_value,,0,,,,No current permit value found in the compared sources.,true_no_permit_value,true
DB0012,Southern Paiute Buck Deer,Deer,Buck,Muzzleloader,Tribal,"Sept 24 - Oct 2, 2025",HANUMBER|HUNTTABLE|BUCK_DEER|DATABASE,,,,,,,,,,,,,,,,,,,NONE,NO_PERMIT_VALUE,0,,NOT_COMPARED,NO_CURRENT_PERMIT_VALUE_FOUND,No source in this pass has current permit values.,OK,LIVE_AND_DATABASE,DATABASE_ONLY,XLSX_PERMIT_ROWS_REPAIRED_MATCH_PASTED_SOURCE,,true_no_permit_value,,0,,,,No current permit value found in the compared sources.,true_no_permit_value,true
DB0013,Southern Paiute Buck Deer (late),Deer,Buck,Any Legal Weapon,Tribal,"Oct 18, 2025 - Oct 26, 2025",HANUMBER|HUNTTABLE|BUCK_DEER|DATABASE,,,,,,,,,,,,,,,,,,,NONE,NO_PERMIT_VALUE,0,,NOT_COMPARED,NO_CURRENT_PERMIT_VALUE_FOUND,No source in this pass has current permit values.,OK,LIVE_AND_DATABASE,DATABASE_ONLY,XLSX_PERMIT_ROWS_REPAIRED_MATCH_PASTED_SOURCE,,true_no_permit_value,,0,,,,No current permit value found in the compared sources.,true_no_permit_value,true
EA2000,Antlerless Elk Control,Elk,Antlerless,Any Legal Weapon,Antlerless Elk Control,"Valid for the season/weapon listed on your qualifying permit on the Chalk Creek, East Canyon, Kamas, Henry Mtns, Morgan-S. Rich, Ogden, Pine Valley & Zion Units",HANUMBER|HUNTTABLE|DATABASE,,,,,,,,,,,,,,,,,,,NONE,NO_PERMIT_VALUE,0,,NOT_COMPARED,NO_CURRENT_PERMIT_VALUE_FOUND,No source in this pass has current permit values.,OK,LIVE_AND_DATABASE,DATABASE_ONLY,,,true_no_permit_value,,0,,,,No current permit value found in the compared sources.,true_no_permit_value,true
EB1009,Spike Only Elk Units - Multiseason,Elk,Bull,Multiseason,General Season - Spike Bull,"Spike Archery: Aug 16-Sept 5, 2025 (Paunsaugunt closed to archery) Any Bull Archery: Aug 16-Sept 17, 2025 | ALW: Oct 4 - 16, 2025 | Muzz: Oct 29-Nov 6, 2025",HANUMBER|HUNTTABLE|DATABASE,,,,,,,,,,,,,,,,,,,NONE,NO_PERMIT_VALUE,0,,NOT_COMPARED,NO_CURRENT_PERMIT_VALUE_FOUND,No source in this pass has current permit values.,OK,LIVE_AND_DATABASE,DATABASE_ONLY,,,true_no_permit_value,,0,,,,No current permit value found in the compared sources.,true_no_permit_value,true
EB1011,Youth General Season Bull Elk,Elk,Bull,Any Legal Weapon,General Season - Youth,ANY BULL: Arch: 08/16-09/17/2025|ALW: 10/4-10-17/2025|Muzz: 10/29-11/6/2025 SPIKE ONLY: Arch:8/16-09/05/2025|ALW: 10/4-10/16/2025|Muzz: 10/29-11/6/2025 |Uinta Basin Private Land only:08/01-11/15/2025,HANUMBER|HUNTTABLE|DATABASE,,,,,,,,,,,,,,,,,,,NONE,NO_PERMIT_VALUE,0,,NOT_COMPARED,NO_CURRENT_PERMIT_VALUE_FOUND,No source in this pass has current permit values.,OK,LIVE_AND_DATABASE,DATABASE_ONLY,,,true_no_permit_value,,0,,,,No current permit value found in the compared sources.,true_no_permit_value,true
EL3000,"Beaver, East",Elk,Bull,Archery,Limited Entry - Private Land Only,Aug 16 2025 - Sept 16 2025 - Private Land Only,HANUMBER|HUNTTABLE|DATABASE,,,,,,,,,,,,,,,,,,,NONE,NO_PERMIT_VALUE,0,,NOT_COMPARED,NO_CURRENT_PERMIT_VALUE_FOUND,No source in this pass has current permit values.,OK,LIVE_AND_DATABASE,DATABASE_ONLY,,NO_QUOTA_PUBLISHED,true_no_permit_value,,0,,,,No current permit value found in the compared sources.,true_no_permit_value,true
EL3002,"Book Cliffs, Little Creek Roadless",Elk,Bull,Archery,Limited Entry - Private Land Only,Aug 16 2025 - Sept 16 2025 - Private Land Only,HANUMBER|HUNTTABLE|DATABASE,,,,,,,,,,,,,,,,,,,NONE,NO_PERMIT_VALUE,0,,NOT_COMPARED,NO_CURRENT_PERMIT_VALUE_FOUND,No source in this pass has current permit values.,OK,LIVE_AND_DATABASE,DATABASE_ONLY,,NO_QUOTA_PUBLISHED,true_no_permit_value,,0,,,,No current permit value found in the compared sources.,true_no_permit_value,true
EL3003,"Cache, Meadowville",Elk,Bull,Archery,Limited Entry - Private Land Only,Aug 16 2025 - Sept 16 2025 - Private Land Only,HANUMBER|HUNTTABLE|DATABASE,,,,,,,,,,,,,,,,,,,NONE,NO_PERMIT_VALUE,0,,NOT_COMPARED,NO_CURRENT_PERMIT_VALUE_FOUND,No source in this pass has current permit values.,OK,LIVE_AND_DATABASE,DATABASE_ONLY,,NO_QUOTA_PUBLISHED,true_no_permit_value,,0,,,,No current permit value found in the compared sources.,true_no_permit_value,true
EL3005,"Cache, South",Elk,Bull,Archery,Limited Entry - Private Land Only,Aug 16 2025 - Sept 16 2025 - Private Land Only,HANUMBER|HUNTTABLE|DATABASE,,,,,,,,,,,,,,,,,,,NONE,NO_PERMIT_VALUE,0,,NOT_COMPARED,NO_CURRENT_PERMIT_VALUE_FOUND,No source in this pass has current permit values.,OK,LIVE_AND_DATABASE,DATABASE_ONLY,,NO_QUOTA_PUBLISHED,true_no_permit_value,,0,,,,No current permit value found in the compared sources.,true_no_permit_value,true
EL3006,Manti,Elk,Bull,Archery,Limited Entry - Private Land Only,Aug 16 2025 - Sept 16 2025 - Private Land Only,HANUMBER|HUNTTABLE|DATABASE,,,,,,,,,,,,,,,,,,,NONE,NO_PERMIT_VALUE,0,,NOT_COMPARED,NO_CURRENT_PERMIT_VALUE_FOUND,No source in this pass has current permit values.,OK,LIVE_AND_DATABASE,DATABASE_ONLY,,NO_QUOTA_PUBLISHED,true_no_permit_value,,0,,,,No current permit value found in the compared sources.,true_no_permit_value,true
EL3008,"Fillmore, Pahvant",Elk,Bull,Archery,Limited Entry - Private Land Only,Aug 16 2025 - Sept 16 2025 - Private Land Only,HANUMBER|HUNTTABLE|DATABASE,,,,,,,,,,,,,,,,,,,NONE,NO_PERMIT_VALUE,0,,NOT_COMPARED,NO_CURRENT_PERMIT_VALUE_FOUND,No source in this pass has current permit values.,OK,LIVE_AND_DATABASE,DATABASE_ONLY,,NO_QUOTA_PUBLISHED,true_no_permit_value,,0,,,,No current permit value found in the compared sources.,true_no_permit_value,true
EL3009,"La Sal, La Sal Mtns",Elk,Bull,Archery,Limited Entry - Private Land Only,Aug 16 2025 - Sept 16 2025 - Private Land Only,HANUMBER|HUNTTABLE|DATABASE,,,,,,,,,,,,,,,,,,,NONE,NO_PERMIT_VALUE,0,,NOT_COMPARED,NO_CURRENT_PERMIT_VALUE_FOUND,No source in this pass has current permit values.,OK,LIVE_AND_DATABASE,DATABASE_ONLY,,NO_QUOTA_PUBLISHED,true_no_permit_value,,0,,,,No current permit value found in the compared sources.,true_no_permit_value,true
EL3010,Monroe,Elk,Bull,Archery,Limited Entry - Private Land Only,Aug 16 2025 - Sept 16 2025 - Private Land Only,HANUMBER|HUNTTABLE|DATABASE,,,,,,,,,,,,,,,,,,,NONE,NO_PERMIT_VALUE,0,,NOT_COMPARED,NO_CURRENT_PERMIT_VALUE_FOUND,No source in this pass has current permit values.,OK,LIVE_AND_DATABASE,DATABASE_ONLY,,NO_QUOTA_PUBLISHED,true_no_permit_value,,0,,,,No current permit value found in the compared sources.,true_no_permit_value,true
EL3011,Mt Dutton,Elk,Bull,Archery,Limited Entry - Private Land Only,Aug 16 2025 - Sept 16 2025 - Private Land Only,HANUMBER|HUNTTABLE|DATABASE,,,,,,,,,,,,,,,,,,,NONE,NO_PERMIT_VALUE,0,,NOT_COMPARED,NO_CURRENT_PERMIT_VALUE_FOUND,No source in this pass has current permit values.,OK,LIVE_AND_DATABASE,DATABASE_ONLY,,NO_QUOTA_PUBLISHED,true_no_permit_value,,0,,,,No current permit value found in the compared sources.,true_no_permit_value,true
EL3013,"North Slope, Three Corners",Elk,Bull,Archery,Limited Entry - Private Land Only,Aug 16 2025 - Sept 16 2025 - Private Land Only,HANUMBER|HUNTTABLE|DATABASE,,,,,,,,,,,,,,,,,,,NONE,NO_PERMIT_VALUE,0,,NOT_COMPARED,NO_CURRENT_PERMIT_VALUE_FOUND,No source in this pass has current permit values.,OK,LIVE_AND_DATABASE,DATABASE_ONLY,,NO_QUOTA_PUBLISHED,true_no_permit_value,,0,,,,No current permit value found in the compared sources.,true_no_permit_value,true
EL3015,Panguitch Lake,Elk,Bull,Archery,Limited Entry - Private Land Only,Aug 16 2025 - Sept 16 2025 - Private Land Only,HANUMBER|HUNTTABLE|DATABASE,,,,,,,,,,,,,,,,,,,NONE,NO_PERMIT_VALUE,0,,NOT_COMPARED,NO_CURRENT_PERMIT_VALUE_FOUND,No source in this pass has current permit values.,OK,LIVE_AND_DATABASE,DATABASE_ONLY,,NO_QUOTA_PUBLISHED,true_no_permit_value,,0,,,,No current permit value found in the compared sources.,true_no_permit_value,true
EL3018,Fishlake/Thousand Lakes,Elk,Bull,Archery,Limited Entry - Private Land Only,Aug 16 2025 - Sept 16 2025 - Private Land Only,HANUMBER|HUNTTABLE|DATABASE,,,,,,,,,,,,,,,,,,,NONE,NO_PERMIT_VALUE,0,,NOT_COMPARED,NO_CURRENT_PERMIT_VALUE_FOUND,No source in this pass has current permit values.,OK,LIVE_AND_DATABASE,DATABASE_ONLY,,NO_QUOTA_PUBLISHED,true_no_permit_value,,0,,,,No current permit value found in the compared sources.,true_no_permit_value,true
EL3019,San Juan Bull Elk,Elk,Bull,Archery,Limited Entry - Private Land Only,Aug 16 2025 - Sept 16 2025 - Private Land Only,HANUMBER|HUNTTABLE|DATABASE,,,,,,,,,,,,,,,,,,,NONE,NO_PERMIT_VALUE,0,,NOT_COMPARED,NO_CURRENT_PERMIT_VALUE_FOUND,No source in this pass has current permit values.,OK,LIVE_AND_DATABASE,DATABASE_ONLY,,NO_QUOTA_PUBLISHED,true_no_permit_value,,0,,,,No current permit value found in the compared sources.,true_no_permit_value,true
EL3020,Diamond Mtn,Elk,Bull,Archery,Limited Entry - Private Land Only,Aug 16 2025 - Sept 16 2025 - Private Land Only,HANUMBER|HUNTTABLE|DATABASE,,,,,,,,,,,,,,,,,,,NONE,NO_PERMIT_VALUE,0,,NOT_COMPARED,NO_CURRENT_PERMIT_VALUE_FOUND,No source in this pass has current permit values.,OK,LIVE_AND_DATABASE,DATABASE_ONLY,,NO_QUOTA_PUBLISHED,true_no_permit_value,,0,,,,No current permit value found in the compared sources.,true_no_permit_value,true
EL3022,Wasatch Mtns,Elk,Bull,Archery,Limited Entry - Private Land Only,Aug 16 2025 - Sept 16 2025 - Private Land Only,HANUMBER|HUNTTABLE|DATABASE,,,,,,,,,,,,,,,,,,,NONE,NO_PERMIT_VALUE,0,,NOT_COMPARED,NO_CURRENT_PERMIT_VALUE_FOUND,No source in this pass has current permit values.,OK,LIVE_AND_DATABASE,DATABASE_ONLY,,NO_QUOTA_PUBLISHED,true_no_permit_value,,0,,,,No current permit value found in the compared sources.,true_no_permit_value,true
EL3024,"Beaver, East",Elk,Bull,Any Legal Weapon,Limited Entry - Private Land Only,Sept 17 2025 - Sept 21 2025 - Private Land Only,HANUMBER|HUNTTABLE|DATABASE,,,,,,,,,,,,,,,,,,,NONE,NO_PERMIT_VALUE,0,,NOT_COMPARED,NO_CURRENT_PERMIT_VALUE_FOUND,No source in this pass has current permit values.,OK,LIVE_AND_DATABASE,DATABASE_ONLY,,NO_QUOTA_PUBLISHED,true_no_permit_value,,0,,,,No current permit value found in the compared sources.,true_no_permit_value,true
EL3025,"Beaver, East",Elk,Bull,Any Legal Weapon,Limited Entry - Private Land Only,Nov 08 2025 - Nov 16 2025 - Private Land Only,HANUMBER|HUNTTABLE|DATABASE,,,,,,,,,,,,,,,,,,,NONE,NO_PERMIT_VALUE,0,,NOT_COMPARED,NO_CURRENT_PERMIT_VALUE_FOUND,No source in this pass has current permit values.,OK,LIVE_AND_DATABASE,DATABASE_ONLY,,NO_QUOTA_PUBLISHED,true_no_permit_value,,0,,,,No current permit value found in the compared sources.,true_no_permit_value,true
EL3028,"Book Cliffs, Little Creek Roadless",Elk,Bull,Any Legal Weapon,Limited Entry - Private Land Only,Sept 17 2025 - Sept 21 2025 - Private Land Only,HANUMBER|HUNTTABLE|DATABASE,,,,,,,,,,,,,,,,,,,NONE,NO_PERMIT_VALUE,0,,NOT_COMPARED,NO_CURRENT_PERMIT_VALUE_FOUND,No source in this pass has current permit values.,OK,LIVE_AND_DATABASE,DATABASE_ONLY,,NO_QUOTA_PUBLISHED,true_no_permit_value,,0,,,,No current permit value found in the compared sources.,true_no_permit_value,true
EL3031,"Box Elder, Pilot Mtn",Elk,Bull,Any Legal Weapon,Limited Entry - Private Land Only,Sept 13 2025 - Oct 03 2025 - Private Land Only,HANUMBER|HUNTTABLE|DATABASE,,,,,,,,,,,,,,,,,,,NONE,NO_PERMIT_VALUE,0,,NOT_COMPARED,NO_CURRENT_PERMIT_VALUE_FOUND,No source in this pass has current permit values.,OK,LIVE_AND_DATABASE,DATABASE_ONLY,,NO_QUOTA_PUBLISHED,true_no_permit_value,,0,,,,No current permit value found in the compared sources.,true_no_permit_value,true
EL3032,"Cache, Meadowville",Elk,Bull,Any Legal Weapon,Limited Entry - Private Land Only,Sept 17 2025 - Sept 21 2025 - Private Land Only,HANUMBER|HUNTTABLE|DATABASE,,,,,,,,,,,,,,,,,,,NONE,NO_PERMIT_VALUE,0,,NOT_COMPARED,NO_CURRENT_PERMIT_VALUE_FOUND,No source in this pass has current permit values.,OK,LIVE_AND_DATABASE,DATABASE_ONLY,,NO_QUOTA_PUBLISHED,true_no_permit_value,,0,,,,No current permit value found in the compared sources.,true_no_permit_value,true
EL3033,"Cache, Meadowville",Elk,Bull,Any Legal Weapon,Limited Entry - Private Land Only,Nov 08 2025 - Nov 16 2025 - Private Land Only,HANUMBER|HUNTTABLE|DATABASE,,,,,,,,,,,,,,,,,,,NONE,NO_PERMIT_VALUE,0,,NOT_COMPARED,NO_CURRENT_PERMIT_VALUE_FOUND,No source in this pass has current permit values.,OK,LIVE_AND_DATABASE,DATABASE_ONLY,,NO_QUOTA_PUBLISHED,true_no_permit_value,,0,,,,No current permit value found in the compared sources.,true_no_permit_value,true
EL3036,"Cache, South",Elk,Bull,Any Legal Weapon,Limited Entry - Private Land Only,Sept 17 2025 - Sept 21 2025 - Private Land Only,HANUMBER|HUNTTABLE|DATABASE,,,,,,,,,,,,,,,,,,,NONE,NO_PERMIT_VALUE,0,,NOT_COMPARED,NO_CURRENT_PERMIT_VALUE_FOUND,No source in this pass has current permit values.,OK,LIVE_AND_DATABASE,DATABASE_ONLY,,NO_QUOTA_PUBLISHED,true_no_permit_value,,0,,,,No current permit value found in the compared sources.,true_no_permit_value,true
EL3037,"Cache, South",Elk,Bull,Any Legal Weapon,Limited Entry - Private Land Only,Nov 08 2025 - Nov 16 2025 - Private Land Only,HANUMBER|HUNTTABLE|DATABASE,,,,,,,,,,,,,,,,,,,NONE,NO_PERMIT_VALUE,0,,NOT_COMPARED,NO_CURRENT_PERMIT_VALUE_FOUND,No source in this pass has current permit values.,OK,LIVE_AND_DATABASE,DATABASE_ONLY,,NO_QUOTA_PUBLISHED,true_no_permit_value,,0,,,,No current permit value found in the compared sources.,true_no_permit_value,true
EL3038,Manti,Elk,Bull,Any Legal Weapon,Limited Entry - Private Land Only,Sept 17 2025 - Sept 21 2025 - Private Land Only,HANUMBER|HUNTTABLE|DATABASE,,,,,,,,,,,,,,,,,,,NONE,NO_PERMIT_VALUE,0,,NOT_COMPARED,NO_CURRENT_PERMIT_VALUE_FOUND,No source in this pass has current permit values.,OK,LIVE_AND_DATABASE,DATABASE_ONLY,,NO_QUOTA_PUBLISHED,true_no_permit_value,,0,,,,No current permit value found in the compared sources.,true_no_permit_value,true
EL3039,Manti,Elk,Bull,Any Legal Weapon,Limited Entry - Private Land Only,Nov 08 2025 - Nov 16 2025 - Private Land Only,HANUMBER|HUNTTABLE|DATABASE,,,,,,,,,,,,,,,,,,,NONE,NO_PERMIT_VALUE,0,,NOT_COMPARED,NO_CURRENT_PERMIT_VALUE_FOUND,No source in this pass has current permit values.,OK,LIVE_AND_DATABASE,DATABASE_ONLY,,NO_QUOTA_PUBLISHED,true_no_permit_value,,0,,,,No current permit value found in the compared sources.,true_no_permit_value,true
EL3042,"Fillmore, Pahvant",Elk,Bull,Any Legal Weapon,Limited Entry - Private Land Only,Sept 17 2025 - Sept 21 2025 - Private Land Only,HANUMBER|HUNTTABLE|DATABASE,,,,,,,,,,,,,,,,,,,NONE,NO_PERMIT_VALUE,0,,NOT_COMPARED,NO_CURRENT_PERMIT_VALUE_FOUND,No source in this pass has current permit values.,OK,LIVE_AND_DATABASE,DATABASE_ONLY,,NO_QUOTA_PUBLISHED,true_no_permit_value,,0,,,,No current permit value found in the compared sources.,true_no_permit_value,true
EL3043,"Fillmore, Pahvant",Elk,Bull,Any Legal Weapon,Limited Entry - Private Land Only,Nov 08 2025 - Nov 16 2025 - Private Land Only,HANUMBER|HUNTTABLE|DATABASE,,,,,,,,,,,,,,,,,,,NONE,NO_PERMIT_VALUE,0,,NOT_COMPARED,NO_CURRENT_PERMIT_VALUE_FOUND,No source in this pass has current permit values.,OK,LIVE_AND_DATABASE,DATABASE_ONLY,,NO_QUOTA_PUBLISHED,true_no_permit_value,,0,,,,No current permit value found in the compared sources.,true_no_permit_value,true
EL3044,"La Sal, Dolores Triangle",Elk,Bull,Any Legal Weapon,Limited Entry - Private Land Only,Dec 06 2025 - Jan 31 2026 - Private Land Only,HANUMBER|HUNTTABLE|DATABASE,,,,,,,,,,,,,,,,,,,NONE,NO_PERMIT_VALUE,0,,NOT_COMPARED,NO_CURRENT_PERMIT_VALUE_FOUND,No source in this pass has current permit values.,OK,LIVE_AND_DATABASE,DATABASE_ONLY,,NO_QUOTA_PUBLISHED,true_no_permit_value,,0,,,,No current permit value found in the compared sources.,true_no_permit_value,true
EL3045,"La Sal, La Sal Mtns",Elk,Bull,Any Legal Weapon,Limited Entry - Private Land Only,Sept 17 2025 - Sept 21 2025 - Private Land Only,HANUMBER|HUNTTABLE|DATABASE,,,,,,,,,,,,,,,,,,,NONE,NO_PERMIT_VALUE,0,,NOT_COMPARED,NO_CURRENT_PERMIT_VALUE_FOUND,No source in this pass has current permit values.,OK,LIVE_AND_DATABASE,DATABASE_ONLY,,NO_QUOTA_PUBLISHED,true_no_permit_value,,0,,,,No current permit value found in the compared sources.,true_no_permit_value,true
EL3046,"La Sal, La Sal Mtns",Elk,Bull,Any Legal Weapon,Limited Entry - Private Land Only,Nov 08 2025 - Nov 16 2025 - Private Land Only,HANUMBER|HUNTTABLE|DATABASE,,,,,,,,,,,,,,,,,,,NONE,NO_PERMIT_VALUE,0,,NOT_COMPARED,NO_CURRENT_PERMIT_VALUE_FOUND,No source in this pass has current permit values.,OK,LIVE_AND_DATABASE,DATABASE_ONLY,,NO_QUOTA_PUBLISHED,true_no_permit_value,,0,,,,No current permit value found in the compared sources.,true_no_permit_value,true
EL3047,Monroe,Elk,Bull,Any Legal Weapon,Limited Entry - Private Land Only,Sept 17 2025 - Sept 21 2025 - Private Land Only,HANUMBER|HUNTTABLE|DATABASE,,,,,,,,,,,,,,,,,,,NONE,NO_PERMIT_VALUE,0,,NOT_COMPARED,NO_CURRENT_PERMIT_VALUE_FOUND,No source in this pass has current permit values.,OK,LIVE_AND_DATABASE,DATABASE_ONLY,,NO_QUOTA_PUBLISHED,true_no_permit_value,,0,,,,No current permit value found in the compared sources.,true_no_permit_value,true
EL3048,Monroe,Elk,Bull,Any Legal Weapon,Limited Entry - Private Land Only,Nov 08 2025 - Nov 16 2025 - Private Land Only,HANUMBER|HUNTTABLE|DATABASE,,,,,,,,,,,,,,,,,,,NONE,NO_PERMIT_VALUE,0,,NOT_COMPARED,NO_CURRENT_PERMIT_VALUE_FOUND,No source in this pass has current permit values.,OK,LIVE_AND_DATABASE,DATABASE_ONLY,,NO_QUOTA_PUBLISHED,true_no_permit_value,,0,,,,No current permit value found in the compared sources.,true_no_permit_value,true
EL3049,Mt Dutton,Elk,Bull,Any Legal Weapon,Limited Entry - Private Land Only,Sept 17 2025 - Sept 21 2025 - Private Land Only,HANUMBER|HUNTTABLE|DATABASE,,,,,,,,,,,,,,,,,,,NONE,NO_PERMIT_VALUE,0,,NOT_COMPARED,NO_CURRENT_PERMIT_VALUE_FOUND,No source in this pass has current permit values.,OK,LIVE_AND_DATABASE,DATABASE_ONLY,,NO_QUOTA_PUBLISHED,true_no_permit_value,,0,,,,No current permit value found in the compared sources.,true_no_permit_value,true
EL3050,Mt Dutton,Elk,Bull,Any Legal Weapon,Limited Entry - Private Land Only,Nov 08 2025 - Nov 16 2025 - Private Land Only,HANUMBER|HUNTTABLE|DATABASE,,,,,,,,,,,,,,,,,,,NONE,NO_PERMIT_VALUE,0,,NOT_COMPARED,NO_CURRENT_PERMIT_VALUE_FOUND,No source in this pass has current permit values.,OK,LIVE_AND_DATABASE,DATABASE_ONLY,,NO_QUOTA_PUBLISHED,true_no_permit_value,,0,,,,No current permit value found in the compared sources.,true_no_permit_value,true
EL3053,"North Slope, Three Corners",Elk,Bull,Any Legal Weapon,Limited Entry - Private Land Only,Oct 04 2025 - Oct 16 2025 - Private Land Only,HANUMBER|HUNTTABLE|DATABASE,,,,,,,,,,,,,,,,,,,NONE,NO_PERMIT_VALUE,0,,NOT_COMPARED,NO_CURRENT_PERMIT_VALUE_FOUND,No source in this pass has current permit values.,OK,LIVE_AND_DATABASE,DATABASE_ONLY,,NO_QUOTA_PUBLISHED,true_no_permit_value,,0,,,,No current permit value found in the compared sources.,true_no_permit_value,true
EL3056,Panguitch Lake,Elk,Bull,Any Legal Weapon,Limited Entry - Private Land Only,Sept 17 2025 - Sept 21 2025 - Private Land Only,HANUMBER|HUNTTABLE|DATABASE,,,,,,,,,,,,,,,,,,,NONE,NO_PERMIT_VALUE,0,,NOT_COMPARED,NO_CURRENT_PERMIT_VALUE_FOUND,No source in this pass has current permit values.,OK,LIVE_AND_DATABASE,DATABASE_ONLY,,NO_QUOTA_PUBLISHED,true_no_permit_value,,0,,,,No current permit value found in the compared sources.,true_no_permit_value,true
EL3057,Panguitch Lake,Elk,Bull,Any Legal Weapon,Limited Entry - Private Land Only,Nov 08 2025 - Nov 16 2025 - Private Land Only,HANUMBER|HUNTTABLE|DATABASE,,,,,,,,,,,,,,,,,,,NONE,NO_PERMIT_VALUE,0,,NOT_COMPARED,NO_CURRENT_PERMIT_VALUE_FOUND,No source in this pass has current permit values.,OK,LIVE_AND_DATABASE,DATABASE_ONLY,,NO_QUOTA_PUBLISHED,true_no_permit_value,,0,,,,No current permit value found in the compared sources.,true_no_permit_value,true
EL3063,Fishlake/Thousand Lakes,Elk,Bull,Any Legal Weapon,Limited Entry - Private Land Only,Sept 17 2025 - Sept 21 2025 - Private Land Only,HANUMBER|HUNTTABLE|DATABASE,,,,,,,,,,,,,,,,,,,NONE,NO_PERMIT_VALUE,0,,NOT_COMPARED,NO_CURRENT_PERMIT_VALUE_FOUND,No source in this pass has current permit values.,OK,LIVE_AND_DATABASE,DATABASE_ONLY,,NO_QUOTA_PUBLISHED,true_no_permit_value,,0,,,,No current permit value found in the compared sources.,true_no_permit_value,true
EL3064,Fishlake/Thousand Lakes,Elk,Bull,Any Legal Weapon,Limited Entry - Private Land Only,Oct 04 2025 - Oct 16 2025 - Private Land Only,HANUMBER|HUNTTABLE|DATABASE,,,,,,,,,,,,,,,,,,,NONE,NO_PERMIT_VALUE,0,,NOT_COMPARED,NO_CURRENT_PERMIT_VALUE_FOUND,No source in this pass has current permit values.,OK,LIVE_AND_DATABASE,DATABASE_ONLY,,NO_QUOTA_PUBLISHED,true_no_permit_value,,0,,,,No current permit value found in the compared sources.,true_no_permit_value,true
EL3065,Fishlake/Thousand Lakes,Elk,Bull,Any Legal Weapon,Limited Entry - Private Land Only,Nov 08 2025 - Nov 16 2025 - Private Land Only,HANUMBER|HUNTTABLE|DATABASE,,,,,,,,,,,,,,,,,,,NONE,NO_PERMIT_VALUE,0,,NOT_COMPARED,NO_CURRENT_PERMIT_VALUE_FOUND,No source in this pass has current permit values.,OK,LIVE_AND_DATABASE,DATABASE_ONLY,,NO_QUOTA_PUBLISHED,true_no_permit_value,,0,,,,No current permit value found in the compared sources.,true_no_permit_value,true
EL3066,San Juan Bull Elk,Elk,Bull,Any Legal Weapon,Limited Entry - Private Land Only,Sept 17 2025 - Sept 21 2025 - Private Land Only,HANUMBER|HUNTTABLE|DATABASE,,,,,,,,,,,,,,,,,,,NONE,NO_PERMIT_VALUE,0,,NOT_COMPARED,NO_CURRENT_PERMIT_VALUE_FOUND,No source in this pass has current permit values.,OK,LIVE_AND_DATABASE,DATABASE_ONLY,,NO_QUOTA_PUBLISHED,true_no_permit_value,,0,,,,No current permit value found in the compared sources.,true_no_permit_value,true
EL3067,San Juan Bull Elk,Elk,Bull,Any Legal Weapon,Limited Entry - Private Land Only,Nov 08 2025 - Nov 16 2025 - Private Land Only,HANUMBER|HUNTTABLE|DATABASE,,,,,,,,,,,,,,,,,,,NONE,NO_PERMIT_VALUE,0,,NOT_COMPARED,NO_CURRENT_PERMIT_VALUE_FOUND,No source in this pass has current permit values.,OK,LIVE_AND_DATABASE,DATABASE_ONLY,,NO_QUOTA_PUBLISHED,true_no_permit_value,,0,,,,No current permit value found in the compared sources.,true_no_permit_value,true
EL3068,Diamond Mtn,Elk,Bull,Any Legal Weapon,Limited Entry - Private Land Only,Sept 17 2025 - Sept 21 2025 - Private Land Only,HANUMBER|HUNTTABLE|DATABASE,,,,,,,,,,,,,,,,,,,NONE,NO_PERMIT_VALUE,0,,NOT_COMPARED,NO_CURRENT_PERMIT_VALUE_FOUND,No source in this pass has current permit values.,OK,LIVE_AND_DATABASE,DATABASE_ONLY,,NO_QUOTA_PUBLISHED,true_no_permit_value,,0,,,,No current permit value found in the compared sources.,true_no_permit_value,true
EL3069,Diamond Mtn,Elk,Bull,Any Legal Weapon,Limited Entry - Private Land Only,Oct 04 2025 - Oct 16 2025 - Private Land Only,HANUMBER|HUNTTABLE|DATABASE,,,,,,,,,,,,,,,,,,,NONE,NO_PERMIT_VALUE,0,,NOT_COMPARED,NO_CURRENT_PERMIT_VALUE_FOUND,No source in this pass has current permit values.,OK,LIVE_AND_DATABASE,DATABASE_ONLY,,NO_QUOTA_PUBLISHED,true_no_permit_value,,0,,,,No current permit value found in the compared sources.,true_no_permit_value,true
EL3072,Wasatch Mtns,Elk,Bull,Any Legal Weapon,Limited Entry - Private Land Only,Sept 17 2025 - Sept 21 2025 - Private Land Only,HANUMBER|HUNTTABLE|DATABASE,,,,,,,,,,,,,,,,,,,NONE,NO_PERMIT_VALUE,0,,NOT_COMPARED,NO_CURRENT_PERMIT_VALUE_FOUND,No source in this pass has current permit values.,OK,LIVE_AND_DATABASE,DATABASE_ONLY,,NO_QUOTA_PUBLISHED,true_no_permit_value,,0,,,,No current permit value found in the compared sources.,true_no_permit_value,true
EL3073,Wasatch Mtns,Elk,Bull,Any Legal Weapon,Limited Entry - Private Land Only,Nov 08 2025 - Nov 16 2025 - Private Land Only,HANUMBER|HUNTTABLE|DATABASE,,,,,,,,,,,,,,,,,,,NONE,NO_PERMIT_VALUE,0,,NOT_COMPARED,NO_CURRENT_PERMIT_VALUE_FOUND,No source in this pass has current permit values.,OK,LIVE_AND_DATABASE,DATABASE_ONLY,,NO_QUOTA_PUBLISHED,true_no_permit_value,,0,,,,No current permit value found in the compared sources.,true_no_permit_value,true
EL3077,"Beaver, East",Elk,Bull,Muzzleloader,Limited Entry - Private Land Only,Sept 22 2025 - Oct 03 2025 - Private Land Only,HANUMBER|HUNTTABLE|DATABASE,,,,,,,,,,,,,,,,,,,NONE,NO_PERMIT_VALUE,0,,NOT_COMPARED,NO_CURRENT_PERMIT_VALUE_FOUND,No source in this pass has current permit values.,OK,LIVE_AND_DATABASE,DATABASE_ONLY,,NO_QUOTA_PUBLISHED,true_no_permit_value,,0,,,,No current permit value found in the compared sources.,true_no_permit_value,true
EL3079,"Book Cliffs, Little Creek Roadless",Elk,Bull,Muzzleloader,Limited Entry - Private Land Only,Sept 22 2025 - Oct 03 2025 - Private Land Only,HANUMBER|HUNTTABLE|DATABASE,,,,,,,,,,,,,,,,,,,NONE,NO_PERMIT_VALUE,0,,NOT_COMPARED,NO_CURRENT_PERMIT_VALUE_FOUND,No source in this pass has current permit values.,OK,LIVE_AND_DATABASE,DATABASE_ONLY,,NO_QUOTA_PUBLISHED,true_no_permit_value,,0,,,,No current permit value found in the compared sources.,true_no_permit_value,true
EL3081,"Cache, Meadowville",Elk,Bull,Muzzleloader,Limited Entry - Private Land Only,Sept 22 2025 - Oct 03 2025 - Private Land Only,HANUMBER|HUNTTABLE|DATABASE,,,,,,,,,,,,,,,,,,,NONE,NO_PERMIT_VALUE,0,,NOT_COMPARED,NO_CURRENT_PERMIT_VALUE_FOUND,No source in this pass has current permit values.,OK,LIVE_AND_DATABASE,DATABASE_ONLY,,NO_QUOTA_PUBLISHED,true_no_permit_value,,0,,,,No current permit value found in the compared sources.,true_no_permit_value,true
EL3083,"Cache, South",Elk,Bull,Muzzleloader,Limited Entry - Private Land Only,Sept 22 2025 - Oct 03 2025 - Private Land Only,HANUMBER|HUNTTABLE|DATABASE,,,,,,,,,,,,,,,,,,,NONE,NO_PERMIT_VALUE,0,,NOT_COMPARED,NO_CURRENT_PERMIT_VALUE_FOUND,No source in this pass has current permit values.,OK,LIVE_AND_DATABASE,DATABASE_ONLY,,NO_QUOTA_PUBLISHED,true_no_permit_value,,0,,,,No current permit value found in the compared sources.,true_no_permit_value,true
EL3084,Manti,Elk,Bull,Muzzleloader,Limited Entry - Private Land Only,Sept 22 2025 - Oct 03 2025 - Private Land Only,HANUMBER|HUNTTABLE|DATABASE,,,,,,,,,,,,,,,,,,,NONE,NO_PERMIT_VALUE,0,,NOT_COMPARED,NO_CURRENT_PERMIT_VALUE_FOUND,No source in this pass has current permit values.,OK,LIVE_AND_DATABASE,DATABASE_ONLY,,NO_QUOTA_PUBLISHED,true_no_permit_value,,0,,,,No current permit value found in the compared sources.,true_no_permit_value,true
EL3086,"Fillmore, Pahvant",Elk,Bull,Muzzleloader,Limited Entry - Private Land Only,Sept 22 2025 - Oct 03 2025 - Private Land Only,HANUMBER|HUNTTABLE|DATABASE,,,,,,,,,,,,,,,,,,,NONE,NO_PERMIT_VALUE,0,,NOT_COMPARED,NO_CURRENT_PERMIT_VALUE_FOUND,No source in this pass has current permit values.,OK,LIVE_AND_DATABASE,DATABASE_ONLY,,NO_QUOTA_PUBLISHED,true_no_permit_value,,0,,,,No current permit value found in the compared sources.,true_no_permit_value,true
EL3087,"La Sal, La Sal Mtns",Elk,Bull,Muzzleloader,Limited Entry - Private Land Only,Sept 22 2025 - Oct 03 2025 - Private Land Only,HANUMBER|HUNTTABLE|DATABASE,,,,,,,,,,,,,,,,,,,NONE,NO_PERMIT_VALUE,0,,NOT_COMPARED,NO_CURRENT_PERMIT_VALUE_FOUND,No source in this pass has current permit values.,OK,LIVE_AND_DATABASE,DATABASE_ONLY,,NO_QUOTA_PUBLISHED,true_no_permit_value,,0,,,,No current permit value found in the compared sources.,true_no_permit_value,true
EL3088,Monroe,Elk,Bull,Muzzleloader,Limited Entry - Private Land Only,Sept 22 2025 - Oct 03 2025 - Private Land Only,HANUMBER|HUNTTABLE|DATABASE,,,,,,,,,,,,,,,,,,,NONE,NO_PERMIT_VALUE,0,,NOT_COMPARED,NO_CURRENT_PERMIT_VALUE_FOUND,No source in this pass has current permit values.,OK,LIVE_AND_DATABASE,DATABASE_ONLY,,NO_QUOTA_PUBLISHED,true_no_permit_value,,0,,,,No current permit value found in the compared sources.,true_no_permit_value,true
EL3089,Mt Dutton,Elk,Bull,Muzzleloader,Limited Entry - Private Land Only,Sept 22 2025 - Oct 03 2025 - Private Land Only,HANUMBER|HUNTTABLE|DATABASE,,,,,,,,,,,,,,,,,,,NONE,NO_PERMIT_VALUE,0,,NOT_COMPARED,NO_CURRENT_PERMIT_VALUE_FOUND,No source in this pass has current permit values.,OK,LIVE_AND_DATABASE,DATABASE_ONLY,,NO_QUOTA_PUBLISHED,true_no_permit_value,,0,,,,No current permit value found in the compared sources.,true_no_permit_value,true
EL3091,"North Slope, Three Corners",Elk,Bull,Muzzleloader,Limited Entry - Private Land Only,Sept 22 2025 - Oct 03 2025 - Private Land Only,HANUMBER|HUNTTABLE|DATABASE,,,,,,,,,,,,,,,,,,,NONE,NO_PERMIT_VALUE,0,,NOT_COMPARED,NO_CURRENT_PERMIT_VALUE_FOUND,No source in this pass has current permit values.,OK,LIVE_AND_DATABASE,DATABASE_ONLY,,NO_QUOTA_PUBLISHED,true_no_permit_value,,0,,,,No current permit value found in the compared sources.,true_no_permit_value,true
EL3093,Panguitch Lake,Elk,Bull,Muzzleloader,Limited Entry - Private Land Only,Sept 22 2025 - Oct 03 2025 - Private Land Only,HANUMBER|HUNTTABLE|DATABASE,,,,,,,,,,,,,,,,,,,NONE,NO_PERMIT_VALUE,0,,NOT_COMPARED,NO_CURRENT_PERMIT_VALUE_FOUND,No source in this pass has current permit values.,OK,LIVE_AND_DATABASE,DATABASE_ONLY,,NO_QUOTA_PUBLISHED,true_no_permit_value,,0,,,,No current permit value found in the compared sources.,true_no_permit_value,true
EL3096,Fishlake/Thousand Lakes,Elk,Bull,Muzzleloader,Limited Entry - Private Land Only,Sept 22 2025 - Oct 03 2025 - Private Land Only,HANUMBER|HUNTTABLE|DATABASE,,,,,,,,,,,,,,,,,,,NONE,NO_PERMIT_VALUE,0,,NOT_COMPARED,NO_CURRENT_PERMIT_VALUE_FOUND,No source in this pass has current permit values.,OK,LIVE_AND_DATABASE,DATABASE_ONLY,,NO_QUOTA_PUBLISHED,true_no_permit_value,,0,,,,No current permit value found in the compared sources.,true_no_permit_value,true
EL3097,San Juan Bull Elk,Elk,Bull,Muzzleloader,Limited Entry - Private Land Only,Sept 22 2025 - Oct 03 2025 - Private Land Only,HANUMBER|HUNTTABLE|DATABASE,,,,,,,,,,,,,,,,,,,NONE,NO_PERMIT_VALUE,0,,NOT_COMPARED,NO_CURRENT_PERMIT_VALUE_FOUND,No source in this pass has current permit values.,OK,LIVE_AND_DATABASE,DATABASE_ONLY,,NO_QUOTA_PUBLISHED,true_no_permit_value,,0,,,,No current permit value found in the compared sources.,true_no_permit_value,true
EL3098,Diamond Mtn,Elk,Bull,Muzzleloader,Limited Entry - Private Land Only,Sept 22 2025 - Oct 03 2025 - Private Land Only,HANUMBER|HUNTTABLE|DATABASE,,,,,,,,,,,,,,,,,,,NONE,NO_PERMIT_VALUE,0,,NOT_COMPARED,NO_CURRENT_PERMIT_VALUE_FOUND,No source in this pass has current permit values.,OK,LIVE_AND_DATABASE,DATABASE_ONLY,,NO_QUOTA_PUBLISHED,true_no_permit_value,,0,,,,No current permit value found in the compared sources.,true_no_permit_value,true
EL3100,Wasatch Mtns,Elk,Bull,Muzzleloader,Limited Entry - Private Land Only,Sept 22 2025 - Oct 03 2025 - Private Land Only,HANUMBER|HUNTTABLE|DATABASE,,,,,,,,,,,,,,,,,,,NONE,NO_PERMIT_VALUE,0,,NOT_COMPARED,NO_CURRENT_PERMIT_VALUE_FOUND,No source in this pass has current permit values.,OK,LIVE_AND_DATABASE,DATABASE_ONLY,,NO_QUOTA_PUBLISHED,true_no_permit_value,,0,,,,No current permit value found in the compared sources.,true_no_permit_value,true
EL3126,Manti,Elk,Bull,Any Legal Weapon,Limited Entry - Private Land Only,Oct 04 2025 - Oct 16 2025 - Private Land Only,HANUMBER|HUNTTABLE|DATABASE,,,,,,,,,,,,,,,,,,,NONE,NO_PERMIT_VALUE,0,,NOT_COMPARED,NO_CURRENT_PERMIT_VALUE_FOUND,No source in this pass has current permit values.,OK,LIVE_AND_DATABASE,DATABASE_ONLY,,NO_QUOTA_PUBLISHED,true_no_permit_value,,0,,,,No current permit value found in the compared sources.,true_no_permit_value,true
EL3127,Wasatch Mtns,Elk,Bull,Any Legal Weapon,Limited Entry - Private Land Only,Oct 04 2025 - Oct 16 2025 - Private Land Only,HANUMBER|HUNTTABLE|DATABASE,,,,,,,,,,,,,,,,,,,NONE,NO_PERMIT_VALUE,0,,NOT_COMPARED,NO_CURRENT_PERMIT_VALUE_FOUND,No source in this pass has current permit values.,OK,LIVE_AND_DATABASE,DATABASE_ONLY,,NO_QUOTA_PUBLISHED,true_no_permit_value,,0,,,,No current permit value found in the compared sources.,true_no_permit_value,true
EL3130,"Box Elder, Pilot Mtn",Elk,Bull,Archery,Limited Entry - Private Land Only,Aug 16 2025 - Sept 07 2025 - Private Land Only,HANUMBER|HUNTTABLE|DATABASE,,,,,,,,,,,,,,,,,,,NONE,NO_PERMIT_VALUE,0,,NOT_COMPARED,NO_CURRENT_PERMIT_VALUE_FOUND,No source in this pass has current permit values.,OK,LIVE_AND_DATABASE,DATABASE_ONLY,,NO_QUOTA_PUBLISHED,true_no_permit_value,,0,,,,No current permit value found in the compared sources.,true_no_permit_value,true
EL3132,"Cache, North",Elk,Bull,Archery,Limited Entry - Private Land Only,Sept 01 2025 - Sept 30 2025 - Private Land Only,HANUMBER|HUNTTABLE|DATABASE,,,,,,,,,,,,,,,,,,,NONE,NO_PERMIT_VALUE,0,,NOT_COMPARED,NO_CURRENT_PERMIT_VALUE_FOUND,No source in this pass has current permit values.,OK,LIVE_AND_DATABASE,DATABASE_ONLY,,NO_QUOTA_PUBLISHED,true_no_permit_value,,0,,,,No current permit value found in the compared sources.,true_no_permit_value,true
EL3135,Barney Top/Kaiparowits,Elk,Bull,Archery,Limited Entry - Private Land Only,Sept 01 2025 - Sept 30 2025 - Private Land Only,HANUMBER|HUNTTABLE|DATABASE,,,,,,,,,,,,,,,,,,,NONE,NO_PERMIT_VALUE,0,,NOT_COMPARED,NO_CURRENT_PERMIT_VALUE_FOUND,No source in this pass has current permit values.,OK,LIVE_AND_DATABASE,DATABASE_ONLY,,NO_QUOTA_PUBLISHED,true_no_permit_value,,0,,,,No current permit value found in the compared sources.,true_no_permit_value,true
EL3136,"Southwest Desert, North",Elk,Bull,Archery,Limited Entry - Private Land Only,Sept 01 2025 - Sept 30 2025 - Private Land Only,HANUMBER|HUNTTABLE|DATABASE,,,,,,,,,,,,,,,,,,,NONE,NO_PERMIT_VALUE,0,,NOT_COMPARED,NO_CURRENT_PERMIT_VALUE_FOUND,No source in this pass has current permit values.,OK,LIVE_AND_DATABASE,DATABASE_ONLY,,NO_QUOTA_PUBLISHED,true_no_permit_value,,0,,,,No current permit value found in the compared sources.,true_no_permit_value,true
EL3137,"West Desert, Deep Creek",Elk,Bull,Archery,Limited Entry - Private Land Only,Sept 01 2025 - Sept 30 2025 - Private Land Only,HANUMBER|HUNTTABLE|DATABASE,,,,,,,,,,,,,,,,,,,NONE,NO_PERMIT_VALUE,0,,NOT_COMPARED,NO_CURRENT_PERMIT_VALUE_FOUND,No source in this pass has current permit values.,OK,LIVE_AND_DATABASE,DATABASE_ONLY,,NO_QUOTA_PUBLISHED,true_no_permit_value,,0,,,,No current permit value found in the compared sources.,true_no_permit_value,true
EL3139,"Cache, North",Elk,Bull,"HAMSS (Handgun, Archery, Muzzleloader, Shotgun or Straight-walled rifle)",Limited Entry - Private Land Only,Nov 08 2025 - Nov 30 2025 - Private Land Only,HANUMBER|HUNTTABLE|DATABASE,,,,,,,,,,,,,,,,,,,NONE,NO_PERMIT_VALUE,0,,NOT_COMPARED,NO_CURRENT_PERMIT_VALUE_FOUND,No source in this pass has current permit values.,OK,LIVE_AND_DATABASE,DATABASE_ONLY,,NO_QUOTA_PUBLISHED,true_no_permit_value,,0,,,,No current permit value found in the compared sources.,true_no_permit_value,true
EL3142,Barney Top/Kaiparowits,Elk,Bull,"HAMSS (Handgun, Archery, Muzzleloader, Shotgun or Straight-walled rifle)",Limited Entry - Private Land Only,Nov 08 2025 - Nov 30 2025 - Private Land Only,HANUMBER|HUNTTABLE|DATABASE,,,,,,,,,,,,,,,,,,,NONE,NO_PERMIT_VALUE,0,,NOT_COMPARED,NO_CURRENT_PERMIT_VALUE_FOUND,No source in this pass has current permit values.,OK,LIVE_AND_DATABASE,DATABASE_ONLY,,NO_QUOTA_PUBLISHED,true_no_permit_value,,0,,,,No current permit value found in the compared sources.,true_no_permit_value,true
EL3143,"Southwest Desert, North",Elk,Bull,"HAMSS (Handgun, Archery, Muzzleloader, Shotgun or Straight-walled rifle)",Limited Entry - Private Land Only,Nov 08 2025 - Nov 30 2025 - Private Land Only,HANUMBER|HUNTTABLE|DATABASE,,,,,,,,,,,,,,,,,,,NONE,NO_PERMIT_VALUE,0,,NOT_COMPARED,NO_CURRENT_PERMIT_VALUE_FOUND,No source in this pass has current permit values.,OK,LIVE_AND_DATABASE,DATABASE_ONLY,,NO_QUOTA_PUBLISHED,true_no_permit_value,,0,,,,No current permit value found in the compared sources.,true_no_permit_value,true
EL3144,"West Desert, Deep Creek",Elk,Bull,"HAMSS (Handgun, Archery, Muzzleloader, Shotgun or Straight-walled rifle)",Limited Entry - Private Land Only,Nov 08 2025 - Nov 30 2025 - Private Land Only,HANUMBER|HUNTTABLE|DATABASE,,,,,,,,,,,,,,,,,,,NONE,NO_PERMIT_VALUE,0,,NOT_COMPARED,NO_CURRENT_PERMIT_VALUE_FOUND,No source in this pass has current permit values.,OK,LIVE_AND_DATABASE,DATABASE_ONLY,,NO_QUOTA_PUBLISHED,true_no_permit_value,,0,,,,No current permit value found in the compared sources.,true_no_permit_value,true
EL3145,Boulder,Elk,Bull,Archery,Limited Entry - Private Land Only,Aug 16 2025 - Sept 16 2025 - Private Land Only,HANUMBER|HUNTTABLE|DATABASE,,,,,,,,,,,,,,,,,,,NONE,NO_PERMIT_VALUE,0,,NOT_COMPARED,NO_CURRENT_PERMIT_VALUE_FOUND,No source in this pass has current permit values.,OK,LIVE_AND_DATABASE,DATABASE_ONLY,,NO_QUOTA_PUBLISHED,true_no_permit_value,,0,,,,No current permit value found in the compared sources.,true_no_permit_value,true
EL3146,"Southwest Desert, South",Elk,Bull,Archery,Limited Entry - Private Land Only,Aug 16 2025 - Sept 16 2025 - Private Land Only,HANUMBER|HUNTTABLE|DATABASE,,,,,,,,,,,,,,,,,,,NONE,NO_PERMIT_VALUE,0,,NOT_COMPARED,NO_CURRENT_PERMIT_VALUE_FOUND,No source in this pass has current permit values.,OK,LIVE_AND_DATABASE,DATABASE_ONLY,,NO_QUOTA_PUBLISHED,true_no_permit_value,,0,,,,No current permit value found in the compared sources.,true_no_permit_value,true
EL3147,"Box Elder, Grouse Creek",Elk,Bull,Any Legal Weapon,Limited Entry - Private Land Only,Sept 17 2025 - Sept 21 2025 - Private Land Only,HANUMBER|HUNTTABLE|DATABASE,,,,,,,,,,,,,,,,,,,NONE,NO_PERMIT_VALUE,0,,NOT_COMPARED,NO_CURRENT_PERMIT_VALUE_FOUND,No source in this pass has current permit values.,OK,LIVE_AND_DATABASE,DATABASE_ONLY,,NO_QUOTA_PUBLISHED,true_no_permit_value,,0,,,,No current permit value found in the compared sources.,true_no_permit_value,true
EL3148,Boulder,Elk,Bull,Any Legal Weapon,Limited Entry - Private Land Only,Sept 17 2025 - Sept 21 2025 - Private Land Only,HANUMBER|HUNTTABLE|DATABASE,,,,,,,,,,,,,,,,,,,NONE,NO_PERMIT_VALUE,0,,NOT_COMPARED,NO_CURRENT_PERMIT_VALUE_FOUND,No source in this pass has current permit values.,OK,LIVE_AND_DATABASE,DATABASE_ONLY,,NO_QUOTA_PUBLISHED,true_no_permit_value,,0,,,,No current permit value found in the compared sources.,true_no_permit_value,true
EL3149,"Southwest Desert, South",Elk,Bull,Any Legal Weapon,Limited Entry - Private Land Only,Sept 17 2025 - Sept 21 2025 - Private Land Only,HANUMBER|HUNTTABLE|DATABASE,,,,,,,,,,,,,,,,,,,NONE,NO_PERMIT_VALUE,0,,NOT_COMPARED,NO_CURRENT_PERMIT_VALUE_FOUND,No source in this pass has current permit values.,OK,LIVE_AND_DATABASE,DATABASE_ONLY,,NO_QUOTA_PUBLISHED,true_no_permit_value,,0,,,,No current permit value found in the compared sources.,true_no_permit_value,true
EL3150,"Box Elder, Grouse Creek",Elk,Bull,Any Legal Weapon,Limited Entry - Private Land Only,Oct 04 2025 - Oct 16 2025 - Private Land Only,HANUMBER|HUNTTABLE|DATABASE,,,,,,,,,,,,,,,,,,,NONE,NO_PERMIT_VALUE,0,,NOT_COMPARED,NO_CURRENT_PERMIT_VALUE_FOUND,No source in this pass has current permit values.,OK,LIVE_AND_DATABASE,DATABASE_ONLY,,NO_QUOTA_PUBLISHED,true_no_permit_value,,0,,,,No current permit value found in the compared sources.,true_no_permit_value,true
EL3151,Boulder,Elk,Bull,Any Legal Weapon,Limited Entry - Private Land Only,Nov 08 2025 - Nov 16 2025 - Private Land Only,HANUMBER|HUNTTABLE|DATABASE,,,,,,,,,,,,,,,,,,,NONE,NO_PERMIT_VALUE,0,,NOT_COMPARED,NO_CURRENT_PERMIT_VALUE_FOUND,No source in this pass has current permit values.,OK,LIVE_AND_DATABASE,DATABASE_ONLY,,NO_QUOTA_PUBLISHED,true_no_permit_value,,0,,,,No current permit value found in the compared sources.,true_no_permit_value,true
EL3152,"Southwest Desert, South",Elk,Bull,Any Legal Weapon,Limited Entry - Private Land Only,Nov 08 2025 - Nov 16 2025 - Private Land Only,HANUMBER|HUNTTABLE|DATABASE,,,,,,,,,,,,,,,,,,,NONE,NO_PERMIT_VALUE,0,,NOT_COMPARED,NO_CURRENT_PERMIT_VALUE_FOUND,No source in this pass has current permit values.,OK,LIVE_AND_DATABASE,DATABASE_ONLY,,NO_QUOTA_PUBLISHED,true_no_permit_value,,0,,,,No current permit value found in the compared sources.,true_no_permit_value,true
EL3153,"Box Elder, Grouse Creek",Elk,Bull,Muzzleloader,Limited Entry - Private Land Only,Sept 22 2025 - Oct 03 2025 - Private Land Only,HANUMBER|HUNTTABLE|DATABASE,,,,,,,,,,,,,,,,,,,NONE,NO_PERMIT_VALUE,0,,NOT_COMPARED,NO_CURRENT_PERMIT_VALUE_FOUND,No source in this pass has current permit values.,OK,LIVE_AND_DATABASE,DATABASE_ONLY,,NO_QUOTA_PUBLISHED,true_no_permit_value,,0,,,,No current permit value found in the compared sources.,true_no_permit_value,true
EL3154,Boulder,Elk,Bull,Muzzleloader,Limited Entry - Private Land Only,Sept 22 2025 - Oct 03 2025 - Private Land Only,HANUMBER|HUNTTABLE|DATABASE,,,,,,,,,,,,,,,,,,,NONE,NO_PERMIT_VALUE,0,,NOT_COMPARED,NO_CURRENT_PERMIT_VALUE_FOUND,No source in this pass has current permit values.,OK,LIVE_AND_DATABASE,DATABASE_ONLY,,NO_QUOTA_PUBLISHED,true_no_permit_value,,0,,,,No current permit value found in the compared sources.,true_no_permit_value,true
EL3155,"Southwest Desert, South",Elk,Bull,Muzzleloader,Limited Entry - Private Land Only,Sept 22 2025 - Oct 03 2025 - Private Land Only,HANUMBER|HUNTTABLE|DATABASE,,,,,,,,,,,,,,,,,,,NONE,NO_PERMIT_VALUE,0,,NOT_COMPARED,NO_CURRENT_PERMIT_VALUE_FOUND,No source in this pass has current permit values.,OK,LIVE_AND_DATABASE,DATABASE_ONLY,,NO_QUOTA_PUBLISHED,true_no_permit_value,,0,,,,No current permit value found in the compared sources.,true_no_permit_value,true
EL3158,"Beaver, East",Elk,Bull,Archery,Limited Entry - Private Land Only,Nov 29 2025 - Dec 14 2025 - Private Land Only,HANUMBER|HUNTTABLE|DATABASE,,,,,,,,,,,,,,,,,,,NONE,NO_PERMIT_VALUE,0,,NOT_COMPARED,NO_CURRENT_PERMIT_VALUE_FOUND,No source in this pass has current permit values.,OK,LIVE_AND_DATABASE,DATABASE_ONLY,,NO_QUOTA_PUBLISHED,true_no_permit_value,,0,,,,No current permit value found in the compared sources.,true_no_permit_value,true
EL3159,"Beaver, East",Elk,Bull,Any Legal Weapon,Limited Entry - Private Land Only,Oct 04 2025 - Oct 16 2025 - Private Land Only,HANUMBER|HUNTTABLE|DATABASE,,,,,,,,,,,,,,,,,,,NONE,NO_PERMIT_VALUE,0,,NOT_COMPARED,NO_CURRENT_PERMIT_VALUE_FOUND,No source in this pass has current permit values.,OK,LIVE_AND_DATABASE,DATABASE_ONLY,,NO_QUOTA_PUBLISHED,true_no_permit_value,,0,,,,No current permit value found in the compared sources.,true_no_permit_value,true
EL3160,"Book Cliffs, Bitter Creek/East",Elk,Bull,Archery,Limited Entry - Private Land Only,Aug 16 2025 - Sept 16 2025 - Private Land Only,HANUMBER|HUNTTABLE|DATABASE,,,,,,,,,,,,,,,,,,,NONE,NO_PERMIT_VALUE,0,,NOT_COMPARED,NO_CURRENT_PERMIT_VALUE_FOUND,No source in this pass has current permit values.,OK,LIVE_AND_DATABASE,DATABASE_ONLY,,NO_QUOTA_PUBLISHED,true_no_permit_value,,0,,,,No current permit value found in the compared sources.,true_no_permit_value,true
EL3161,"Book Cliffs, Bitter Creek/East",Elk,Bull,Archery,Limited Entry - Private Land Only,Nov 29 2025 - Dec 14 2025 - Private Land Only,HANUMBER|HUNTTABLE|DATABASE,,,,,,,,,,,,,,,,,,,NONE,NO_PERMIT_VALUE,0,,NOT_COMPARED,NO_CURRENT_PERMIT_VALUE_FOUND,No source in this pass has current permit values.,OK,LIVE_AND_DATABASE,DATABASE_ONLY,,NO_QUOTA_PUBLISHED,true_no_permit_value,,0,,,,No current permit value found in the compared sources.,true_no_permit_value,true
EL3162,"Book Cliffs, Bitter Creek/East",Elk,Bull,Any Legal Weapon,Limited Entry - Private Land Only,Sept 17 2025 - Sept 21 2025 - Private Land Only,HANUMBER|HUNTTABLE|DATABASE,,,,,,,,,,,,,,,,,,,NONE,NO_PERMIT_VALUE,0,,NOT_COMPARED,NO_CURRENT_PERMIT_VALUE_FOUND,No source in this pass has current permit values.,OK,LIVE_AND_DATABASE,DATABASE_ONLY,,NO_QUOTA_PUBLISHED,true_no_permit_value,,0,,,,No current permit value found in the compared sources.,true_no_permit_value,true
EL3163,"Book Cliffs, Bitter Creek/East",Elk,Bull,Any Legal Weapon,Limited Entry - Private Land Only,Nov 08 2025 - Nov 16 2025 - Private Land Only,HANUMBER|HUNTTABLE|DATABASE,,,,,,,,,,,,,,,,,,,NONE,NO_PERMIT_VALUE,0,,NOT_COMPARED,NO_CURRENT_PERMIT_VALUE_FOUND,No source in this pass has current permit values.,OK,LIVE_AND_DATABASE,DATABASE_ONLY,,NO_QUOTA_PUBLISHED,true_no_permit_value,,0,,,,No current permit value found in the compared sources.,true_no_permit_value,true
EL3164,"Book Cliffs, Bitter Creek/East",Elk,Bull,Any Legal Weapon,Limited Entry - Private Land Only,Oct 04 2025 - Oct 16 2025 - Private Land Only,HANUMBER|HUNTTABLE|DATABASE,,,,,,,,,,,,,,,,,,,NONE,NO_PERMIT_VALUE,0,,NOT_COMPARED,NO_CURRENT_PERMIT_VALUE_FOUND,No source in this pass has current permit values.,OK,LIVE_AND_DATABASE,DATABASE_ONLY,,NO_QUOTA_PUBLISHED,true_no_permit_value,,0,,,,No current permit value found in the compared sources.,true_no_permit_value,true
EL3166,"Book Cliffs, Bitter Creek/East",Elk,Bull,Muzzleloader,Limited Entry - Private Land Only,Sept 22 2025 - Oct 03 2025 - Private Land Only,HANUMBER|HUNTTABLE|DATABASE,,,,,,,,,,,,,,,,,,,NONE,NO_PERMIT_VALUE,0,,NOT_COMPARED,NO_CURRENT_PERMIT_VALUE_FOUND,No source in this pass has current permit values.,OK,LIVE_AND_DATABASE,DATABASE_ONLY,,NO_QUOTA_PUBLISHED,true_no_permit_value,,0,,,,No current permit value found in the compared sources.,true_no_permit_value,true
EL3167,"Book Cliffs, Little Creek Roadless",Elk,Bull,Any Legal Weapon,Limited Entry - Private Land Only,Oct 04 2025 - Oct 16 2025 - Private Land Only,HANUMBER|HUNTTABLE|DATABASE,,,,,,,,,,,,,,,,,,,NONE,NO_PERMIT_VALUE,0,,NOT_COMPARED,NO_CURRENT_PERMIT_VALUE_FOUND,No source in this pass has current permit values.,OK,LIVE_AND_DATABASE,DATABASE_ONLY,,NO_QUOTA_PUBLISHED,true_no_permit_value,,0,,,,No current permit value found in the compared sources.,true_no_permit_value,true
EL3168,"Cache, Meadowville",Elk,Bull,Archery,Limited Entry - Private Land Only,Nov 29 2025 - Dec 14 2025 - Private Land Only,HANUMBER|HUNTTABLE|DATABASE,,,,,,,,,,,,,,,,,,,NONE,NO_PERMIT_VALUE,0,,NOT_COMPARED,NO_CURRENT_PERMIT_VALUE_FOUND,No source in this pass has current permit values.,OK,LIVE_AND_DATABASE,DATABASE_ONLY,,NO_QUOTA_PUBLISHED,true_no_permit_value,,0,,,,No current permit value found in the compared sources.,true_no_permit_value,true
EL3169,"Cache, Meadowville",Elk,Bull,Any Legal Weapon,Limited Entry - Private Land Only,Oct 04 2025 - Oct 16 2025 - Private Land Only,HANUMBER|HUNTTABLE|DATABASE,,,,,,,,,,,,,,,,,,,NONE,NO_PERMIT_VALUE,0,,NOT_COMPARED,NO_CURRENT_PERMIT_VALUE_FOUND,No source in this pass has current permit values.,OK,LIVE_AND_DATABASE,DATABASE_ONLY,,NO_QUOTA_PUBLISHED,true_no_permit_value,,0,,,,No current permit value found in the compared sources.,true_no_permit_value,true
EL3170,"Cache, South",Elk,Bull,Archery,Limited Entry - Private Land Only,Nov 29 2025 - Dec 14 2025 - Private Land Only,HANUMBER|HUNTTABLE|DATABASE,,,,,,,,,,,,,,,,,,,NONE,NO_PERMIT_VALUE,0,,NOT_COMPARED,NO_CURRENT_PERMIT_VALUE_FOUND,No source in this pass has current permit values.,OK,LIVE_AND_DATABASE,DATABASE_ONLY,,NO_QUOTA_PUBLISHED,true_no_permit_value,,0,,,,No current permit value found in the compared sources.,true_no_permit_value,true
EL3171,"Cache, South",Elk,Bull,Any Legal Weapon,Limited Entry - Private Land Only,Oct 04 2025 - Oct 16 2025 - Private Land Only,HANUMBER|HUNTTABLE|DATABASE,,,,,,,,,,,,,,,,,,,NONE,NO_PERMIT_VALUE,0,,NOT_COMPARED,NO_CURRENT_PERMIT_VALUE_FOUND,No source in this pass has current permit values.,OK,LIVE_AND_DATABASE,DATABASE_ONLY,,NO_QUOTA_PUBLISHED,true_no_permit_value,,0,,,,No current permit value found in the compared sources.,true_no_permit_value,true
EL3172,Manti,Elk,Bull,Archery,Limited Entry - Private Land Only,Nov 29 2025 - Dec 14 2025 - Private Land Only,HANUMBER|HUNTTABLE|DATABASE,,,,,,,,,,,,,,,,,,,NONE,NO_PERMIT_VALUE,0,,NOT_COMPARED,NO_CURRENT_PERMIT_VALUE_FOUND,No source in this pass has current permit values.,OK,LIVE_AND_DATABASE,DATABASE_ONLY,,NO_QUOTA_PUBLISHED,true_no_permit_value,,0,,,,No current permit value found in the compared sources.,true_no_permit_value,true
EL3173,Nebo/San Pitch Mtns,Elk,Bull,Archery,Limited Entry - Private Land Only,Aug 16 2025 - Sept 16 2025 - Private Land Only,HANUMBER|HUNTTABLE|DATABASE,,,,,,,,,,,,,,,,,,,NONE,NO_PERMIT_VALUE,0,,NOT_COMPARED,NO_CURRENT_PERMIT_VALUE_FOUND,No source in this pass has current permit values.,OK,LIVE_AND_DATABASE,DATABASE_ONLY,,NO_QUOTA_PUBLISHED,true_no_permit_value,,0,,,,No current permit value found in the compared sources.,true_no_permit_value,true
EL3174,Nebo/San Pitch Mtns,Elk,Bull,Archery,Limited Entry - Private Land Only,Nov 29 2025 - Dec 14 2025 - Private Land Only,HANUMBER|HUNTTABLE|DATABASE,,,,,,,,,,,,,,,,,,,NONE,NO_PERMIT_VALUE,0,,NOT_COMPARED,NO_CURRENT_PERMIT_VALUE_FOUND,No source in this pass has current permit values.,OK,LIVE_AND_DATABASE,DATABASE_ONLY,,NO_QUOTA_PUBLISHED,true_no_permit_value,,0,,,,No current permit value found in the compared sources.,true_no_permit_value,true
EL3175,Nebo/San Pitch Mtns,Elk,Bull,Any Legal Weapon,Limited Entry - Private Land Only,Sept 17 2025 - Sept 21 2025 - Private Land Only,HANUMBER|HUNTTABLE|DATABASE,,,,,,,,,,,,,,,,,,,NONE,NO_PERMIT_VALUE,0,,NOT_COMPARED,NO_CURRENT_PERMIT_VALUE_FOUND,No source in this pass has current permit values.,OK,LIVE_AND_DATABASE,DATABASE_ONLY,,NO_QUOTA_PUBLISHED,true_no_permit_value,,0,,,,No current permit value found in the compared sources.,true_no_permit_value,true
EL3176,Nebo/San Pitch Mtns,Elk,Bull,Any Legal Weapon,Limited Entry - Private Land Only,Nov 08 2025 - Nov 16 2025 - Private Land Only,HANUMBER|HUNTTABLE|DATABASE,,,,,,,,,,,,,,,,,,,NONE,NO_PERMIT_VALUE,0,,NOT_COMPARED,NO_CURRENT_PERMIT_VALUE_FOUND,No source in this pass has current permit values.,OK,LIVE_AND_DATABASE,DATABASE_ONLY,,NO_QUOTA_PUBLISHED,true_no_permit_value,,0,,,,No current permit value found in the compared sources.,true_no_permit_value,true
EL3177,Nebo/San Pitch Mtns,Elk,Bull,Any Legal Weapon,Limited Entry - Private Land Only,Oct 04 2025 - Oct 16 2025 - Private Land Only,HANUMBER|HUNTTABLE|DATABASE,,,,,,,,,,,,,,,,,,,NONE,NO_PERMIT_VALUE,0,,NOT_COMPARED,NO_CURRENT_PERMIT_VALUE_FOUND,No source in this pass has current permit values.,OK,LIVE_AND_DATABASE,DATABASE_ONLY,,NO_QUOTA_PUBLISHED,true_no_permit_value,,0,,,,No current permit value found in the compared sources.,true_no_permit_value,true
EL3179,Nebo/San Pitch Mtns,Elk,Bull,Muzzleloader,Limited Entry - Private Land Only,Sept 22 2025 - Oct 03 2025 - Private Land Only,HANUMBER|HUNTTABLE|DATABASE,,,,,,,,,,,,,,,,,,,NONE,NO_PERMIT_VALUE,0,,NOT_COMPARED,NO_CURRENT_PERMIT_VALUE_FOUND,No source in this pass has current permit values.,OK,LIVE_AND_DATABASE,DATABASE_ONLY,,NO_QUOTA_PUBLISHED,true_no_permit_value,,0,,,,No current permit value found in the compared sources.,true_no_permit_value,true
EL3180,"Fillmore, Pahvant",Elk,Bull,Archery,Limited Entry - Private Land Only,Nov 29 2025 - Dec 14 2025 - Private Land Only,HANUMBER|HUNTTABLE|DATABASE,,,,,,,,,,,,,,,,,,,NONE,NO_PERMIT_VALUE,0,,NOT_COMPARED,NO_CURRENT_PERMIT_VALUE_FOUND,No source in this pass has current permit values.,OK,LIVE_AND_DATABASE,DATABASE_ONLY,,NO_QUOTA_PUBLISHED,true_no_permit_value,,0,,,,No current permit value found in the compared sources.,true_no_permit_value,true
EL3181,"Fillmore, Pahvant",Elk,Bull,Any Legal Weapon,Limited Entry - Private Land Only,Oct 04 2025 - Oct 16 2025 - Private Land Only,HANUMBER|HUNTTABLE|DATABASE,,,,,,,,,,,,,,,,,,,NONE,NO_PERMIT_VALUE,0,,NOT_COMPARED,NO_CURRENT_PERMIT_VALUE_FOUND,No source in this pass has current permit values.,OK,LIVE_AND_DATABASE,DATABASE_ONLY,,NO_QUOTA_PUBLISHED,true_no_permit_value,,0,,,,No current permit value found in the compared sources.,true_no_permit_value,true
EL3182,"La Sal, La Sal Mtns",Elk,Bull,Archery,Limited Entry - Private Land Only,Nov 29 2025 - Dec 14 2025 - Private Land Only,HANUMBER|HUNTTABLE|DATABASE,,,,,,,,,,,,,,,,,,,NONE,NO_PERMIT_VALUE,0,,NOT_COMPARED,NO_CURRENT_PERMIT_VALUE_FOUND,No source in this pass has current permit values.,OK,LIVE_AND_DATABASE,DATABASE_ONLY,,NO_QUOTA_PUBLISHED,true_no_permit_value,,0,,,,No current permit value found in the compared sources.,true_no_permit_value,true
EL3183,"La Sal, La Sal Mtns",Elk,Bull,Any Legal Weapon,Limited Entry - Private Land Only,Oct 04 2025 - Oct 16 2025 - Private Land Only,HANUMBER|HUNTTABLE|DATABASE,,,,,,,,,,,,,,,,,,,NONE,NO_PERMIT_VALUE,0,,NOT_COMPARED,NO_CURRENT_PERMIT_VALUE_FOUND,No source in this pass has current permit values.,OK,LIVE_AND_DATABASE,DATABASE_ONLY,,NO_QUOTA_PUBLISHED,true_no_permit_value,,0,,,,No current permit value found in the compared sources.,true_no_permit_value,true
EL3184,Monroe,Elk,Bull,Archery,Limited Entry - Private Land Only,Nov 29 2025 - Dec 14 2025 - Private Land Only,HANUMBER|HUNTTABLE|DATABASE,,,,,,,,,,,,,,,,,,,NONE,NO_PERMIT_VALUE,0,,NOT_COMPARED,NO_CURRENT_PERMIT_VALUE_FOUND,No source in this pass has current permit values.,OK,LIVE_AND_DATABASE,DATABASE_ONLY,,NO_QUOTA_PUBLISHED,true_no_permit_value,,0,,,,No current permit value found in the compared sources.,true_no_permit_value,true
EL3185,Monroe,Elk,Bull,Any Legal Weapon,Limited Entry - Private Land Only,Oct 04 2025 - Oct 16 2025 - Private Land Only,HANUMBER|HUNTTABLE|DATABASE,,,,,,,,,,,,,,,,,,,NONE,NO_PERMIT_VALUE,0,,NOT_COMPARED,NO_CURRENT_PERMIT_VALUE_FOUND,No source in this pass has current permit values.,OK,LIVE_AND_DATABASE,DATABASE_ONLY,,NO_QUOTA_PUBLISHED,true_no_permit_value,,0,,,,No current permit value found in the compared sources.,true_no_permit_value,true
EL3186,Mt Dutton,Elk,Bull,Archery,Limited Entry - Private Land Only,Nov 29 2025 - Dec 14 2025 - Private Land Only,HANUMBER|HUNTTABLE|DATABASE,,,,,,,,,,,,,,,,,,,NONE,NO_PERMIT_VALUE,0,,NOT_COMPARED,NO_CURRENT_PERMIT_VALUE_FOUND,No source in this pass has current permit values.,OK,LIVE_AND_DATABASE,DATABASE_ONLY,,NO_QUOTA_PUBLISHED,true_no_permit_value,,0,,,,No current permit value found in the compared sources.,true_no_permit_value,true
EL3187,Mt Dutton,Elk,Bull,Any Legal Weapon,Limited Entry - Private Land Only,Oct 04 2025 - Oct 16 2025 - Private Land Only,HANUMBER|HUNTTABLE|DATABASE,,,,,,,,,,,,,,,,,,,NONE,NO_PERMIT_VALUE,0,,NOT_COMPARED,NO_CURRENT_PERMIT_VALUE_FOUND,No source in this pass has current permit values.,OK,LIVE_AND_DATABASE,DATABASE_ONLY,,NO_QUOTA_PUBLISHED,true_no_permit_value,,0,,,,No current permit value found in the compared sources.,true_no_permit_value,true
EL3188,Panguitch Lake,Elk,Bull,Archery,Limited Entry - Private Land Only,Nov 29 2025 - Dec 14 2025 - Private Land Only,HANUMBER|HUNTTABLE|DATABASE,,,,,,,,,,,,,,,,,,,NONE,NO_PERMIT_VALUE,0,,NOT_COMPARED,NO_CURRENT_PERMIT_VALUE_FOUND,No source in this pass has current permit values.,OK,LIVE_AND_DATABASE,DATABASE_ONLY,,NO_QUOTA_PUBLISHED,true_no_permit_value,,0,,,,No current permit value found in the compared sources.,true_no_permit_value,true
EL3189,Panguitch Lake,Elk,Bull,Any Legal Weapon,Limited Entry - Private Land Only,Oct 04 2025 - Oct 16 2025 - Private Land Only,HANUMBER|HUNTTABLE|DATABASE,,,,,,,,,,,,,,,,,,,NONE,NO_PERMIT_VALUE,0,,NOT_COMPARED,NO_CURRENT_PERMIT_VALUE_FOUND,No source in this pass has current permit values.,OK,LIVE_AND_DATABASE,DATABASE_ONLY,,NO_QUOTA_PUBLISHED,true_no_permit_value,,0,,,,No current permit value found in the compared sources.,true_no_permit_value,true
EL3190,Boulder,Elk,Bull,Archery,Limited Entry - Private Land Only,Nov 29 2025 - Dec 14 2025 - Private Land Only,HANUMBER|HUNTTABLE|DATABASE,,,,,,,,,,,,,,,,,,,NONE,NO_PERMIT_VALUE,0,,NOT_COMPARED,NO_CURRENT_PERMIT_VALUE_FOUND,No source in this pass has current permit values.,OK,LIVE_AND_DATABASE,DATABASE_ONLY,,NO_QUOTA_PUBLISHED,true_no_permit_value,,0,,,,No current permit value found in the compared sources.,true_no_permit_value,true
EL3191,Boulder,Elk,Bull,Any Legal Weapon,Limited Entry - Private Land Only,Oct 04 2025 - Oct 16 2025 - Private Land Only,HANUMBER|HUNTTABLE|DATABASE,,,,,,,,,,,,,,,,,,,NONE,NO_PERMIT_VALUE,0,,NOT_COMPARED,NO_CURRENT_PERMIT_VALUE_FOUND,No source in this pass has current permit values.,OK,LIVE_AND_DATABASE,DATABASE_ONLY,,NO_QUOTA_PUBLISHED,true_no_permit_value,,0,,,,No current permit value found in the compared sources.,true_no_permit_value,true
EL3192,Fishlake/Thousand Lakes,Elk,Bull,Archery,Limited Entry - Private Land Only,Nov 29 2025 - Dec 14 2025 - Private Land Only,HANUMBER|HUNTTABLE|DATABASE,,,,,,,,,,,,,,,,,,,NONE,NO_PERMIT_VALUE,0,,NOT_COMPARED,NO_CURRENT_PERMIT_VALUE_FOUND,No source in this pass has current permit values.,OK,LIVE_AND_DATABASE,DATABASE_ONLY,,NO_QUOTA_PUBLISHED,true_no_permit_value,,0,,,,No current permit value found in the compared sources.,true_no_permit_value,true
EL3193,San Juan Bull Elk,Elk,Bull,Archery,Limited Entry - Private Land Only,Nov 29 2025 - Dec 14 2025 - Private Land Only,HANUMBER|HUNTTABLE|DATABASE,,,,,,,,,,,,,,,,,,,NONE,NO_PERMIT_VALUE,0,,NOT_COMPARED,NO_CURRENT_PERMIT_VALUE_FOUND,No source in this pass has current permit values.,OK,LIVE_AND_DATABASE,DATABASE_ONLY,,NO_QUOTA_PUBLISHED,true_no_permit_value,,0,,,,No current permit value found in the compared sources.,true_no_permit_value,true
EL3194,San Juan Bull Elk,Elk,Bull,Any Legal Weapon,Limited Entry - Private Land Only,Oct 04 2025 - Oct 16 2025 - Private Land Only,HANUMBER|HUNTTABLE|DATABASE,,,,,,,,,,,,,,,,,,,NONE,NO_PERMIT_VALUE,0,,NOT_COMPARED,NO_CURRENT_PERMIT_VALUE_FOUND,No source in this pass has current permit values.,OK,LIVE_AND_DATABASE,DATABASE_ONLY,,NO_QUOTA_PUBLISHED,true_no_permit_value,,0,,,,No current permit value found in the compared sources.,true_no_permit_value,true
EL3195,Diamond Mtn,Elk,Bull,Archery,Limited Entry - Private Land Only,Nov 29 2025 - Dec 14 2025 - Private Land Only,HANUMBER|HUNTTABLE|DATABASE,,,,,,,,,,,,,,,,,,,NONE,NO_PERMIT_VALUE,0,,NOT_COMPARED,NO_CURRENT_PERMIT_VALUE_FOUND,No source in this pass has current permit values.,OK,LIVE_AND_DATABASE,DATABASE_ONLY,,NO_QUOTA_PUBLISHED,true_no_permit_value,,0,,,,No current permit value found in the compared sources.,true_no_permit_value,true
EL3196,Diamond Mtn,Elk,Bull,Any Legal Weapon,Limited Entry - Private Land Only,Nov 08 2025 - Nov 16 2025 - Private Land Only,HANUMBER|HUNTTABLE|DATABASE,,,,,,,,,,,,,,,,,,,NONE,NO_PERMIT_VALUE,0,,NOT_COMPARED,NO_CURRENT_PERMIT_VALUE_FOUND,No source in this pass has current permit values.,OK,LIVE_AND_DATABASE,DATABASE_ONLY,,NO_QUOTA_PUBLISHED,true_no_permit_value,,0,,,,No current permit value found in the compared sources.,true_no_permit_value,true
EL3197,"Southwest Desert, South",Elk,Bull,Archery,Limited Entry - Private Land Only,Nov 29 2025 - Dec 14 2025 - Private Land Only,HANUMBER|HUNTTABLE|DATABASE,,,,,,,,,,,,,,,,,,,NONE,NO_PERMIT_VALUE,0,,NOT_COMPARED,NO_CURRENT_PERMIT_VALUE_FOUND,No source in this pass has current permit values.,OK,LIVE_AND_DATABASE,DATABASE_ONLY,,NO_QUOTA_PUBLISHED,true_no_permit_value,,0,,,,No current permit value found in the compared sources.,true_no_permit_value,true
EL3198,"Southwest Desert, South",Elk,Bull,Any Legal Weapon,Limited Entry - Private Land Only,Oct 04 2025 - Oct 16 2025 - Private Land Only,HANUMBER|HUNTTABLE|DATABASE,,,,,,,,,,,,,,,,,,,NONE,NO_PERMIT_VALUE,0,,NOT_COMPARED,NO_CURRENT_PERMIT_VALUE_FOUND,No source in this pass has current permit values.,OK,LIVE_AND_DATABASE,DATABASE_ONLY,,NO_QUOTA_PUBLISHED,true_no_permit_value,,0,,,,No current permit value found in the compared sources.,true_no_permit_value,true
EL3199,Wasatch Mtns,Elk,Bull,Archery,Limited Entry - Private Land Only,Nov 29 2025 - Dec 14 2025 - Private Land Only,HANUMBER|HUNTTABLE|DATABASE,,,,,,,,,,,,,,,,,,,NONE,NO_PERMIT_VALUE,0,,NOT_COMPARED,NO_CURRENT_PERMIT_VALUE_FOUND,No source in this pass has current permit values.,OK,LIVE_AND_DATABASE,DATABASE_ONLY,,NO_QUOTA_PUBLISHED,true_no_permit_value,,0,,,,No current permit value found in the compared sources.,true_no_permit_value,true
EL3205,East Canyon,Elk,Bull,"HAMSS (Handgun, Archery, Muzzleloader, Shotgun or Straight-walled rifle)",Limited Entry - Private Land Only,Dec 20 2025 - Dec 28 2025 - Private Land Only,HANUMBER|HUNTTABLE|DATABASE,,,,,,,,,,,,,,,,,,,NONE,NO_PERMIT_VALUE,0,,NOT_COMPARED,NO_CURRENT_PERMIT_VALUE_FOUND,No source in this pass has current permit values.,OK,LIVE_AND_DATABASE,DATABASE_ONLY,,NO_QUOTA_PUBLISHED,true_no_permit_value,,0,,,,No current permit value found in the compared sources.,true_no_permit_value,true
EL3208,Morgan-South Rich,Elk,Bull,Any Legal Weapon (Late),Limited Entry - Private Land Only,Dec 20 2025 - Dec 28 2025 - Private Land Only,HANUMBER|HUNTTABLE|DATABASE,,,,,,,,,,,,,,,,,,,NONE,NO_PERMIT_VALUE,0,,NOT_COMPARED,NO_CURRENT_PERMIT_VALUE_FOUND,No source in this pass has current permit values.,OK,LIVE_AND_DATABASE,DATABASE_ONLY,,NO_QUOTA_PUBLISHED,true_no_permit_value,,0,,,,No current permit value found in the compared sources.,true_no_permit_value,true
EL3210,"North Slope, Three Corners",Elk,Bull,Any Legal Weapon,Limited Entry - Private Land Only,Sept 17 2025 - Sept 21 2025 - Private Land Only,HANUMBER|HUNTTABLE|DATABASE,,,,,,,,,,,,,,,,,,,NONE,NO_PERMIT_VALUE,0,,NOT_COMPARED,NO_CURRENT_PERMIT_VALUE_FOUND,No source in this pass has current permit values.,OK,LIVE_AND_DATABASE,DATABASE_ONLY,,NO_QUOTA_PUBLISHED,true_no_permit_value,,0,,,,No current permit value found in the compared sources.,true_no_permit_value,true
EX1000,Elk Extended Archery,Elk,Hunters Choice,Archery,Extended Archery,"Aug 16 - Dec 15, 2025",HANUMBER|HUNTTABLE|DATABASE,,,,,,,,,,,,,,,,,,,NONE,NO_PERMIT_VALUE,0,,NOT_COMPARED,NO_CURRENT_PERMIT_VALUE_FOUND,No source in this pass has current permit values.,OK,LIVE_AND_DATABASE,DATABASE_ONLY,,NO_QUOTA_PUBLISHED,true_no_permit_value,,0,,,,No current permit value found in the compared sources.,true_no_permit_value,true
LD1001,Paunsaugunt - Private Land Only,Deer,Buck,Archery,Limited Entry - Private Land Only,Aug 16 2025 - Sept 12 2025 - Private Land Only,HANUMBER|HUNTTABLE|BUCK_DEER|DATABASE,,,,,,,,,,,,,,,,,,,NONE,NO_PERMIT_VALUE,0,,NOT_COMPARED,NO_CURRENT_PERMIT_VALUE_FOUND,No source in this pass has current permit values.,OK,LIVE_AND_DATABASE,DATABASE_ONLY,XLSX_PERMIT_ROWS_REPAIRED_MATCH_PASTED_SOURCE,NO_QUOTA_PUBLISHED,true_no_permit_value,,0,,,,No current permit value found in the compared sources.,true_no_permit_value,true
LD1004,Paunsaugunt - Private Land Only,Deer,Buck,Any Legal Weapon,Limited Entry - Private Land Only,Oct 18 2025 - Oct 31 2025 - Private Land Only,HANUMBER|HUNTTABLE|BUCK_DEER|DATABASE,,,,,,,,,,,,,,,,,,,NONE,NO_PERMIT_VALUE,0,,NOT_COMPARED,NO_CURRENT_PERMIT_VALUE_FOUND,No source in this pass has current permit values.,OK,LIVE_AND_DATABASE,DATABASE_ONLY,XLSX_PERMIT_ROWS_REPAIRED_MATCH_PASTED_SOURCE,NO_QUOTA_PUBLISHED,true_no_permit_value,,0,,,,No current permit value found in the compared sources.,true_no_permit_value,true
LD1006,Paunsaugunt - Private Land Only,Deer,Buck,Muzzleloader,Limited Entry - Private Land Only,Sept 24 2025 - Oct 02 2025 - Private Land Only,HANUMBER|HUNTTABLE|BUCK_DEER|DATABASE,,,,,,,,,,,,,,,,,,,NONE,NO_PERMIT_VALUE,0,,NOT_COMPARED,NO_CURRENT_PERMIT_VALUE_FOUND,No source in this pass has current permit values.,OK,LIVE_AND_DATABASE,DATABASE_ONLY,XLSX_PERMIT_ROWS_REPAIRED_MATCH_PASTED_SOURCE,NO_QUOTA_PUBLISHED,true_no_permit_value,,0,,,,No current permit value found in the compared sources.,true_no_permit_value,true
LD1019,"Fillmore, Oak Creek LE - Private Land Only",Deer,Buck,Any Legal Weapon,Limited Entry - Private Land Only,Oct 18 2025 - Oct 26 2025 - Private Land Only,HANUMBER|HUNTTABLE|BUCK_DEER|DATABASE,,,,,,,,,,,,,,,,,,,NONE,NO_PERMIT_VALUE,0,,NOT_COMPARED,NO_CURRENT_PERMIT_VALUE_FOUND,No source in this pass has current permit values.,OK,LIVE_AND_DATABASE,DATABASE_ONLY,XLSX_PERMIT_ROWS_REPAIRED_MATCH_PASTED_SOURCE,NO_QUOTA_PUBLISHED,true_no_permit_value,,0,,,,No current permit value found in the compared sources.,true_no_permit_value,true
LD1023,Diamond Mtn - Private Land Only,Deer,Buck,Any Legal Weapon,Limited Entry - Private Land Only,Oct 18 2025 - Oct 26 2025 - Private Land Only,HANUMBER|HUNTTABLE|BUCK_DEER|DATABASE,,,,,,,,,,,,,,,,,,,NONE,NO_PERMIT_VALUE,0,,NOT_COMPARED,NO_CURRENT_PERMIT_VALUE_FOUND,No source in this pass has current permit values.,OK,LIVE_AND_DATABASE,DATABASE_ONLY,XLSX_PERMIT_ROWS_REPAIRED_MATCH_PASTED_SOURCE,NO_QUOTA_PUBLISHED,true_no_permit_value,,0,,,,No current permit value found in the compared sources.,true_no_permit_value,true
LD1108,Thousand Lakes - Private Land Only,Deer,Buck,Restricted Rifle,Limited Entry - Private Land Only,Oct 18 2025 - Oct 26 2025 - Private Land Only,HANUMBER|HUNTTABLE|BUCK_DEER|DATABASE,,,,,,,,,,,,,,,,,,,NONE,NO_PERMIT_VALUE,0,,NOT_COMPARED,NO_CURRENT_PERMIT_VALUE_FOUND,No source in this pass has current permit values.,OK,LIVE_AND_DATABASE,DATABASE_ONLY,XLSX_PERMIT_ROWS_REPAIRED_MATCH_PASTED_SOURCE,NO_QUOTA_PUBLISHED,true_no_permit_value,,0,,,,No current permit value found in the compared sources.,true_no_permit_value,true
LO0008,Diamond Mtn Landowner Association,Deer,Buck,Archery,Limited Entry - Private Land Only,Aug 15 2026 - Sept 11 2026 - Valid only on property enrolled in the Diamond Mtn LOA,HANUMBER|HUNTTABLE|BUCK_DEER|DATABASE,,,,,,,,,,,,,,,,,,,NONE,NO_PERMIT_VALUE,0,,NOT_COMPARED,NO_CURRENT_PERMIT_VALUE_FOUND,No source in this pass has current permit values.,OK,LIVE_AND_DATABASE,DATABASE_ONLY,XLSX_PERMIT_ROWS_REPAIRED_MATCH_PASTED_SOURCE,NO_QUOTA_PUBLISHED,true_no_permit_value,,0,,,,No current permit value found in the compared sources.,true_no_permit_value,true
LO0009,Diamond Mtn Landowner Association,Deer,Buck,Any Legal Weapon,Limited Entry - Private Land Only,Oct 17 2026 - Oct 25 2026 - Valid only on property enrolled in the Diamond Mtn LOA,HANUMBER|HUNTTABLE|BUCK_DEER|DATABASE,,,,,,,,,,,,,,,,,,,NONE,NO_PERMIT_VALUE,0,,NOT_COMPARED,NO_CURRENT_PERMIT_VALUE_FOUND,No source in this pass has current permit values.,OK,LIVE_AND_DATABASE,DATABASE_ONLY,XLSX_PERMIT_ROWS_REPAIRED_MATCH_PASTED_SOURCE,NO_QUOTA_PUBLISHED,true_no_permit_value,,0,,,,No current permit value found in the compared sources.,true_no_permit_value,true
LO0010,Diamond Mtn Landowner Association,Deer,Buck,Muzzleloader,Limited Entry - Private Land Only,Sept 23 2026 - Oct 01 2026 - Valid only on property enrolled in the Diamond Mtn LOA,HANUMBER|HUNTTABLE|BUCK_DEER|DATABASE,,,,,,,,,,,,,,,,,,,NONE,NO_PERMIT_VALUE,0,,NOT_COMPARED,NO_CURRENT_PERMIT_VALUE_FOUND,No source in this pass has current permit values.,OK,LIVE_AND_DATABASE,DATABASE_ONLY,XLSX_PERMIT_ROWS_REPAIRED_MATCH_PASTED_SOURCE,NO_QUOTA_PUBLISHED,true_no_permit_value,,0,,,,No current permit value found in the compared sources.,true_no_permit_value,true
LO0011,Diamond Mtn Landowner Association,Elk,Bull,Archery,Limited Entry - Private Land Only,Aug 15 2026 - Sept 15 2026 - Valid only on property enrolled in the Diamond Mtn LOA,HANUMBER|HUNTTABLE|DATABASE,,,,,,,,,,,,,,,,,,,NONE,NO_PERMIT_VALUE,0,,NOT_COMPARED,NO_CURRENT_PERMIT_VALUE_FOUND,No source in this pass has current permit values.,OK,LIVE_AND_DATABASE,DATABASE_ONLY,,NO_QUOTA_PUBLISHED,true_no_permit_value,,0,,,,No current permit value found in the compared sources.,true_no_permit_value,true
LO0012,Diamond Mtn Landowner Association,Elk,Bull,Any Legal Weapon,Limited Entry - Private Land Only,"Sept 16 - Sept 20, 2026 - Valid only on property enrolled in the Diamond Mtn LOA",HANUMBER|HUNTTABLE|DATABASE,,,,,,,,,,,,,,,,,,,NONE,NO_PERMIT_VALUE,0,,NOT_COMPARED,NO_CURRENT_PERMIT_VALUE_FOUND,No source in this pass has current permit values.,OK,LIVE_AND_DATABASE,DATABASE_ONLY,,NO_QUOTA_PUBLISHED,true_no_permit_value,,0,,,,No current permit value found in the compared sources.,true_no_permit_value,true
LO0013,Diamond Mtn Landowner Association,Elk,Bull,Any Legal Weapon,Limited Entry - Private Land Only,"Oct 3, 2026 - Oct 15, 2026 - Valid only on property enrolled in the Diamond Mtn LOA",HANUMBER|HUNTTABLE|DATABASE,,,,,,,,,,,,,,,,,,,NONE,NO_PERMIT_VALUE,0,,NOT_COMPARED,NO_CURRENT_PERMIT_VALUE_FOUND,No source in this pass has current permit values.,OK,LIVE_AND_DATABASE,DATABASE_ONLY,,NO_QUOTA_PUBLISHED,true_no_permit_value,,0,,,,No current permit value found in the compared sources.,true_no_permit_value,true
LO0014,Diamond Mtn Landowner Association,Elk,Bull,Muzzleloader,Limited Entry - Private Land Only,"Sept 21, 2026 - Oct 2, 2026 - Valid only on property enrolled in the Diamond Mtn LOA",HANUMBER|HUNTTABLE|DATABASE,,,,,,,,,,,,,,,,,,,NONE,NO_PERMIT_VALUE,0,,NOT_COMPARED,NO_CURRENT_PERMIT_VALUE_FOUND,No source in this pass has current permit values.,OK,LIVE_AND_DATABASE,DATABASE_ONLY,,NO_QUOTA_PUBLISHED,true_no_permit_value,,0,,,,No current permit value found in the compared sources.,true_no_permit_value,true
LO0015,Diamond Mtn Landowner Association,Elk,Bull,Any Legal Weapon,Limited Entry - Private Land Only,Nov 07 2026 - Nov 15 2026 - Valid only on property enrolled in the Diamond Mtn LOA,HANUMBER|HUNTTABLE|DATABASE,,,,,,,,,,,,,,,,,,,NONE,NO_PERMIT_VALUE,0,,NOT_COMPARED,NO_CURRENT_PERMIT_VALUE_FOUND,No source in this pass has current permit values.,OK,LIVE_AND_DATABASE,DATABASE_ONLY,,NO_QUOTA_PUBLISHED,true_no_permit_value,,0,,,,No current permit value found in the compared sources.,true_no_permit_value,true
LO1501,Box Elder,Deer,Buck,Archery,General Season - Private Land Only,Aug 16 2025 - Sept 12 2025 - PRIVATE LAND ONLY,HANUMBER|HUNTTABLE|BUCK_DEER|DATABASE,,,,,,,,,,,,,,,,,,,NONE,NO_PERMIT_VALUE,0,,NOT_COMPARED,NO_CURRENT_PERMIT_VALUE_FOUND,No source in this pass has current permit values.,OK,LIVE_AND_DATABASE,DATABASE_ONLY,XLSX_PERMIT_ROWS_REPAIRED_MATCH_PASTED_SOURCE,,true_no_permit_value,,0,,,,No current permit value found in the compared sources.,true_no_permit_value,true
LO1502,Cache,Deer,Buck,Archery,General Season - Private Land Only,Aug 16 2025 - Sept 12 2025 - PRIVATE LAND ONLY,HANUMBER|HUNTTABLE|BUCK_DEER|DATABASE,,,,,,,,,,,,,,,,,,,NONE,NO_PERMIT_VALUE,0,,NOT_COMPARED,NO_CURRENT_PERMIT_VALUE_FOUND,No source in this pass has current permit values.,OK,LIVE_AND_DATABASE,DATABASE_ONLY,XLSX_PERMIT_ROWS_REPAIRED_MATCH_PASTED_SOURCE,,true_no_permit_value,,0,,,,No current permit value found in the compared sources.,true_no_permit_value,true
LO1503,Manti/San Rafael,Deer,Buck,Archery,General Season - Private Land Only,Aug 16 2025 - Sept 12 2025 - PRIVATE LAND ONLY,HANUMBER|HUNTTABLE|BUCK_DEER|DATABASE,,,,,,,,,,,,,,,,,,,NONE,NO_PERMIT_VALUE,0,,NOT_COMPARED,NO_CURRENT_PERMIT_VALUE_FOUND,No source in this pass has current permit values.,OK,LIVE_AND_DATABASE,DATABASE_ONLY,XLSX_PERMIT_ROWS_REPAIRED_MATCH_PASTED_SOURCE,,true_no_permit_value,,0,,,,No current permit value found in the compared sources.,true_no_permit_value,true
LO1504,Nebo,Deer,Buck,Archery,General Season - Private Land Only,Aug 16 2025 - Sept 12 2025 - PRIVATE LAND ONLY,HANUMBER|HUNTTABLE|BUCK_DEER|DATABASE,,,,,,,,,,,,,,,,,,,NONE,NO_PERMIT_VALUE,0,,NOT_COMPARED,NO_CURRENT_PERMIT_VALUE_FOUND,No source in this pass has current permit values.,OK,LIVE_AND_DATABASE,DATABASE_ONLY,XLSX_PERMIT_ROWS_REPAIRED_MATCH_PASTED_SOURCE,,true_no_permit_value,,0,,,,No current permit value found in the compared sources.,true_no_permit_value,true
LO1506,Fillmore,Deer,Buck,Archery,General Season - Private Land Only,Aug 16 2025 - Sept 12 2025 - PRIVATE LAND ONLY,HANUMBER|HUNTTABLE|BUCK_DEER|DATABASE,,,,,,,,,,,,,,,,,,,NONE,NO_PERMIT_VALUE,0,,NOT_COMPARED,NO_CURRENT_PERMIT_VALUE_FOUND,No source in this pass has current permit values.,OK,LIVE_AND_DATABASE,DATABASE_ONLY,XLSX_PERMIT_ROWS_REPAIRED_MATCH_PASTED_SOURCE,,true_no_permit_value,,0,,,,No current permit value found in the compared sources.,true_no_permit_value,true
LO1508,Kamas,Deer,Buck,Archery,General Season - Private Land Only,Aug 16 2025 - Sept 12 2025 - PRIVATE LAND ONLY,HANUMBER|HUNTTABLE|BUCK_DEER|DATABASE,,,,,,,,,,,,,,,,,,,NONE,NO_PERMIT_VALUE,0,,NOT_COMPARED,NO_CURRENT_PERMIT_VALUE_FOUND,No source in this pass has current permit values.,OK,LIVE_AND_DATABASE,DATABASE_ONLY,XLSX_PERMIT_ROWS_REPAIRED_MATCH_PASTED_SOURCE,,true_no_permit_value,,0,,,,No current permit value found in the compared sources.,true_no_permit_value,true
LO1509,"La Sal, La Sal Mtns",Deer,Buck,Archery,General Season - Private Land Only,Aug 16 2025 - Sept 12 2025 - PRIVATE LAND ONLY,HANUMBER|HUNTTABLE|BUCK_DEER|DATABASE,,,,,,,,,,,,,,,,,,,NONE,NO_PERMIT_VALUE,0,,NOT_COMPARED,NO_CURRENT_PERMIT_VALUE_FOUND,No source in this pass has current permit values.,OK,LIVE_AND_DATABASE,DATABASE_ONLY,XLSX_PERMIT_ROWS_REPAIRED_MATCH_PASTED_SOURCE,,true_no_permit_value,,0,,,,No current permit value found in the compared sources.,true_no_permit_value,true
LO1510,Monroe,Deer,Buck,Archery,General Season - Private Land Only,Aug 16 2025 - Sept 12 2025 - PRIVATE LAND ONLY,HANUMBER|HUNTTABLE|BUCK_DEER|DATABASE,,,,,,,,,,,,,,,,,,,NONE,NO_PERMIT_VALUE,0,,NOT_COMPARED,NO_CURRENT_PERMIT_VALUE_FOUND,No source in this pass has current permit values.,OK,LIVE_AND_DATABASE,DATABASE_ONLY,XLSX_PERMIT_ROWS_REPAIRED_MATCH_PASTED_SOURCE,,true_no_permit_value,,0,,,,No current permit value found in the compared sources.,true_no_permit_value,true
LO1511,Mt Dutton,Deer,Buck,Archery,General Season - Private Land Only,Aug 16 2025 - Sept 12 2025 - PRIVATE LAND ONLY,HANUMBER|HUNTTABLE|BUCK_DEER|DATABASE,,,,,,,,,,,,,,,,,,,NONE,NO_PERMIT_VALUE,0,,NOT_COMPARED,NO_CURRENT_PERMIT_VALUE_FOUND,No source in this pass has current permit values.,OK,LIVE_AND_DATABASE,DATABASE_ONLY,XLSX_PERMIT_ROWS_REPAIRED_MATCH_PASTED_SOURCE,,true_no_permit_value,,0,,,,No current permit value found in the compared sources.,true_no_permit_value,true
LO1512,Nine Mile,Deer,Buck,Archery,General Season - Private Land Only,Aug 16 2025 - Sept 12 2025 - PRIVATE LAND ONLY,HANUMBER|HUNTTABLE|BUCK_DEER|DATABASE,,,,,,,,,,,,,,,,,,,NONE,NO_PERMIT_VALUE,0,,NOT_COMPARED,NO_CURRENT_PERMIT_VALUE_FOUND,No source in this pass has current permit values.,OK,LIVE_AND_DATABASE,DATABASE_ONLY,XLSX_PERMIT_ROWS_REPAIRED_MATCH_PASTED_SOURCE,,true_no_permit_value,,0,,,,No current permit value found in the compared sources.,true_no_permit_value,true
LO1513,North Slope,Deer,Buck,Archery,General Season - Private Land Only,Aug 16 2025 - Sept 12 2025 - PRIVATE LAND ONLY,HANUMBER|HUNTTABLE|BUCK_DEER|DATABASE,,,,,,,,,,,,,,,,,,,NONE,NO_PERMIT_VALUE,0,,NOT_COMPARED,NO_CURRENT_PERMIT_VALUE_FOUND,No source in this pass has current permit values.,OK,LIVE_AND_DATABASE,DATABASE_ONLY,XLSX_PERMIT_ROWS_REPAIRED_MATCH_PASTED_SOURCE,,true_no_permit_value,,0,,,,No current permit value found in the compared sources.,true_no_permit_value,true
LO1514,Ogden,Deer,Buck,Archery,General Season - Private Land Only,Aug 16 2025 - Sept 12 2025 - PRIVATE LAND ONLY,HANUMBER|HUNTTABLE|BUCK_DEER|DATABASE,,,,,,,,,,,,,,,,,,,NONE,NO_PERMIT_VALUE,0,,NOT_COMPARED,NO_CURRENT_PERMIT_VALUE_FOUND,No source in this pass has current permit values.,OK,LIVE_AND_DATABASE,DATABASE_ONLY,XLSX_PERMIT_ROWS_REPAIRED_MATCH_PASTED_SOURCE,,true_no_permit_value,,0,,,,No current permit value found in the compared sources.,true_no_permit_value,true
LO1516,Panguitch Lake,Deer,Buck,Archery,General Season - Private Land Only,Aug 16 2025 - Sept 12 2025 - PRIVATE LAND ONLY,HANUMBER|HUNTTABLE|BUCK_DEER|DATABASE,,,,,,,,,,,,,,,,,,,NONE,NO_PERMIT_VALUE,0,,NOT_COMPARED,NO_CURRENT_PERMIT_VALUE_FOUND,No source in this pass has current permit values.,OK,LIVE_AND_DATABASE,DATABASE_ONLY,XLSX_PERMIT_ROWS_REPAIRED_MATCH_PASTED_SOURCE,,true_no_permit_value,,0,,,,No current permit value found in the compared sources.,true_no_permit_value,true
LO1517,Pine Valley,Deer,Buck,Archery,General Season - Private Land Only,Aug 16 2025 - Sept 12 2025 - PRIVATE LAND ONLY,HANUMBER|HUNTTABLE|BUCK_DEER|DATABASE,,,,,,,,,,,,,,,,,,,NONE,NO_PERMIT_VALUE,0,,NOT_COMPARED,NO_CURRENT_PERMIT_VALUE_FOUND,No source in this pass has current permit values.,OK,LIVE_AND_DATABASE,DATABASE_ONLY,XLSX_PERMIT_ROWS_REPAIRED_MATCH_PASTED_SOURCE,,true_no_permit_value,,0,,,,No current permit value found in the compared sources.,true_no_permit_value,true
LO1518,Boulder/Kaiparowits,Deer,Buck,Archery,General Season - Private Land Only,Aug 16 2025 - Sept 12 2025 - PRIVATE LAND ONLY,HANUMBER|HUNTTABLE|BUCK_DEER|DATABASE,,,,,,,,,,,,,,,,,,,NONE,NO_PERMIT_VALUE,0,,NOT_COMPARED,NO_CURRENT_PERMIT_VALUE_FOUND,No source in this pass has current permit values.,OK,LIVE_AND_DATABASE,DATABASE_ONLY,XLSX_PERMIT_ROWS_REPAIRED_MATCH_PASTED_SOURCE,,true_no_permit_value,,0,,,,No current permit value found in the compared sources.,true_no_permit_value,true
LO1519,Fishlake,Deer,Buck,Archery,General Season - Private Land Only,Aug 16 2025 - Sept 12 2025 - PRIVATE LAND ONLY,HANUMBER|HUNTTABLE|BUCK_DEER|DATABASE,,,,,,,,,,,,,,,,,,,NONE,NO_PERMIT_VALUE,0,,NOT_COMPARED,NO_CURRENT_PERMIT_VALUE_FOUND,No source in this pass has current permit values.,OK,LIVE_AND_DATABASE,DATABASE_ONLY,XLSX_PERMIT_ROWS_REPAIRED_MATCH_PASTED_SOURCE,,true_no_permit_value,,0,,,,No current permit value found in the compared sources.,true_no_permit_value,true
LO1521,"San Juan, Abajo Mtns",Deer,Buck,Archery,General Season - Private Land Only,Aug 16 2025 - Sept 12 2025 - PRIVATE LAND ONLY,HANUMBER|HUNTTABLE|BUCK_DEER|DATABASE,,,,,,,,,,,,,,,,,,,NONE,NO_PERMIT_VALUE,0,,NOT_COMPARED,NO_CURRENT_PERMIT_VALUE_FOUND,No source in this pass has current permit values.,OK,LIVE_AND_DATABASE,DATABASE_ONLY,XLSX_PERMIT_ROWS_REPAIRED_MATCH_PASTED_SOURCE,,true_no_permit_value,,0,,,,No current permit value found in the compared sources.,true_no_permit_value,true
LO1522,Vernal/Bonanza,Deer,Buck,Archery,General Season - Private Land Only,Aug 16 2025 - Sept 12 2025 - PRIVATE LAND ONLY,HANUMBER|HUNTTABLE|BUCK_DEER|DATABASE,,,,,,,,,,,,,,,,,,,NONE,NO_PERMIT_VALUE,0,,NOT_COMPARED,NO_CURRENT_PERMIT_VALUE_FOUND,No source in this pass has current permit values.,OK,LIVE_AND_DATABASE,DATABASE_ONLY,XLSX_PERMIT_ROWS_REPAIRED_MATCH_PASTED_SOURCE,,true_no_permit_value,,0,,,,No current permit value found in the compared sources.,true_no_permit_value,true
LO1523,Yellowstone,Deer,Buck,Archery,General Season - Private Land Only,Aug 16 2025 - Sept 12 2025 - PRIVATE LAND ONLY,HANUMBER|HUNTTABLE|BUCK_DEER|DATABASE,,,,,,,,,,,,,,,,,,,NONE,NO_PERMIT_VALUE,0,,NOT_COMPARED,NO_CURRENT_PERMIT_VALUE_FOUND,No source in this pass has current permit values.,OK,LIVE_AND_DATABASE,DATABASE_ONLY,XLSX_PERMIT_ROWS_REPAIRED_MATCH_PASTED_SOURCE,,true_no_permit_value,,0,,,,No current permit value found in the compared sources.,true_no_permit_value,true
LO1524,Southwest Desert,Deer,Buck,Archery,General Season - Private Land Only,Aug 16 2025 - Sept 12 2025 - PRIVATE LAND ONLY,HANUMBER|HUNTTABLE|BUCK_DEER|DATABASE,,,,,,,,,,,,,,,,,,,NONE,NO_PERMIT_VALUE,0,,NOT_COMPARED,NO_CURRENT_PERMIT_VALUE_FOUND,No source in this pass has current permit values.,OK,LIVE_AND_DATABASE,DATABASE_ONLY,XLSX_PERMIT_ROWS_REPAIRED_MATCH_PASTED_SOURCE,,true_no_permit_value,,0,,,,No current permit value found in the compared sources.,true_no_permit_value,true
LO1525,"Wasatch Mtns, East",Deer,Buck,Archery,General Season - Private Land Only,Aug 16 2025 - Sept 12 2025 - PRIVATE LAND ONLY,HANUMBER|HUNTTABLE|BUCK_DEER|DATABASE,,,,,,,,,,,,,,,,,,,NONE,NO_PERMIT_VALUE,0,,NOT_COMPARED,NO_CURRENT_PERMIT_VALUE_FOUND,No source in this pass has current permit values.,OK,LIVE_AND_DATABASE,DATABASE_ONLY,XLSX_PERMIT_ROWS_REPAIRED_MATCH_PASTED_SOURCE,,true_no_permit_value,,0,,,,No current permit value found in the compared sources.,true_no_permit_value,true
LO1526,"Wasatch Mtns, West",Deer,Buck,Archery,General Season - Private Land Only,Aug 16 2025 - Sept 12 2025 - PRIVATE LAND ONLY,HANUMBER|HUNTTABLE|BUCK_DEER|DATABASE,,,,,,,,,,,,,,,,,,,NONE,NO_PERMIT_VALUE,0,,NOT_COMPARED,NO_CURRENT_PERMIT_VALUE_FOUND,No source in this pass has current permit values.,OK,LIVE_AND_DATABASE,DATABASE_ONLY,XLSX_PERMIT_ROWS_REPAIRED_MATCH_PASTED_SOURCE,,true_no_permit_value,,0,,,,No current permit value found in the compared sources.,true_no_permit_value,true
LO1529,Zion,Deer,Buck,Archery,General Season - Private Land Only,Aug 16 2025 - Sept 12 2025 - PRIVATE LAND ONLY,HANUMBER|HUNTTABLE|BUCK_DEER|DATABASE,,,,,,,,,,,,,,,,,,,NONE,NO_PERMIT_VALUE,0,,NOT_COMPARED,NO_CURRENT_PERMIT_VALUE_FOUND,No source in this pass has current permit values.,OK,LIVE_AND_DATABASE,DATABASE_ONLY,XLSX_PERMIT_ROWS_REPAIRED_MATCH_PASTED_SOURCE,,true_no_permit_value,,0,,,,No current permit value found in the compared sources.,true_no_permit_value,true
LO1533,Manti/San Rafael,Deer,Buck,Any Legal Weapon (Late),General Season - Private Land Only,Oct 18 2025 - Oct 26 2025 - PRIVATE LAND ONLY,HANUMBER|HUNTTABLE|BUCK_DEER|DATABASE,,,,,,,,,,,,,,,,,,,NONE,NO_PERMIT_VALUE,0,,NOT_COMPARED,NO_CURRENT_PERMIT_VALUE_FOUND,No source in this pass has current permit values.,OK,LIVE_AND_DATABASE,DATABASE_ONLY,XLSX_PERMIT_ROWS_REPAIRED_MATCH_PASTED_SOURCE,,true_no_permit_value,,0,,,,No current permit value found in the compared sources.,true_no_permit_value,true
LO1539,"La Sal, La Sal Mtns",Deer,Buck,Any Legal Weapon (Late),General Season - Private Land Only,Oct 18 2025 - Oct 26 2025 - PRIVATE LAND ONLY,HANUMBER|HUNTTABLE|BUCK_DEER|DATABASE,,,,,,,,,,,,,,,,,,,NONE,NO_PERMIT_VALUE,0,,NOT_COMPARED,NO_CURRENT_PERMIT_VALUE_FOUND,No source in this pass has current permit values.,OK,LIVE_AND_DATABASE,DATABASE_ONLY,XLSX_PERMIT_ROWS_REPAIRED_MATCH_PASTED_SOURCE,,true_no_permit_value,,0,,,,No current permit value found in the compared sources.,true_no_permit_value,true
LO1543,North Slope,Deer,Buck,Any Legal Weapon (Late),General Season - Private Land Only,Oct 18 2025 - Oct 26 2025 - PRIVATE LAND ONLY,HANUMBER|HUNTTABLE|BUCK_DEER|DATABASE,,,,,,,,,,,,,,,,,,,NONE,NO_PERMIT_VALUE,0,,NOT_COMPARED,NO_CURRENT_PERMIT_VALUE_FOUND,No source in this pass has current permit values.,OK,LIVE_AND_DATABASE,DATABASE_ONLY,XLSX_PERMIT_ROWS_REPAIRED_MATCH_PASTED_SOURCE,,true_no_permit_value,,0,,,,No current permit value found in the compared sources.,true_no_permit_value,true
LO1546,Panguitch Lake,Deer,Buck,Any Legal Weapon (Late),General Season - Private Land Only,Oct 18 2025 - Oct 26 2025 - PRIVATE LAND ONLY,HANUMBER|HUNTTABLE|BUCK_DEER|DATABASE,,,,,,,,,,,,,,,,,,,NONE,NO_PERMIT_VALUE,0,,NOT_COMPARED,NO_CURRENT_PERMIT_VALUE_FOUND,No source in this pass has current permit values.,OK,LIVE_AND_DATABASE,DATABASE_ONLY,XLSX_PERMIT_ROWS_REPAIRED_MATCH_PASTED_SOURCE,,true_no_permit_value,,0,,,,No current permit value found in the compared sources.,true_no_permit_value,true
LO1551,"San Juan, Abajo Mtns",Deer,Buck,Any Legal Weapon (Late),General Season - Private Land Only,Oct 18 2025 - Oct 26 2025 - PRIVATE LAND ONLY,HANUMBER|HUNTTABLE|BUCK_DEER|DATABASE,,,,,,,,,,,,,,,,,,,NONE,NO_PERMIT_VALUE,0,,NOT_COMPARED,NO_CURRENT_PERMIT_VALUE_FOUND,No source in this pass has current permit values.,OK,LIVE_AND_DATABASE,DATABASE_ONLY,XLSX_PERMIT_ROWS_REPAIRED_MATCH_PASTED_SOURCE,,true_no_permit_value,,0,,,,No current permit value found in the compared sources.,true_no_permit_value,true
LO1552,Vernal/Bonanza,Deer,Buck,Any Legal Weapon (Late),General Season - Private Land Only,Oct 18 2025 - Oct 26 2025 - PRIVATE LAND ONLY,HANUMBER|HUNTTABLE|BUCK_DEER|DATABASE,,,,,,,,,,,,,,,,,,,NONE,NO_PERMIT_VALUE,0,,NOT_COMPARED,NO_CURRENT_PERMIT_VALUE_FOUND,No source in this pass has current permit values.,OK,LIVE_AND_DATABASE,DATABASE_ONLY,XLSX_PERMIT_ROWS_REPAIRED_MATCH_PASTED_SOURCE,,true_no_permit_value,,0,,,,No current permit value found in the compared sources.,true_no_permit_value,true
LO1553,Yellowstone,Deer,Buck,Any Legal Weapon (Late),General Season - Private Land Only,Oct 18 2025 - Oct 26 2025 - PRIVATE LAND ONLY,HANUMBER|HUNTTABLE|BUCK_DEER|DATABASE,,,,,,,,,,,,,,,,,,,NONE,NO_PERMIT_VALUE,0,,NOT_COMPARED,NO_CURRENT_PERMIT_VALUE_FOUND,No source in this pass has current permit values.,OK,LIVE_AND_DATABASE,DATABASE_ONLY,XLSX_PERMIT_ROWS_REPAIRED_MATCH_PASTED_SOURCE,,true_no_permit_value,,0,,,,No current permit value found in the compared sources.,true_no_permit_value,true
LO1554,Southwest Desert,Deer,Buck,Any Legal Weapon (Late),General Season - Private Land Only,Oct 18 2025 - Oct 26 2025 - PRIVATE LAND ONLY,HANUMBER|HUNTTABLE|BUCK_DEER|DATABASE,,,,,,,,,,,,,,,,,,,NONE,NO_PERMIT_VALUE,0,,NOT_COMPARED,NO_CURRENT_PERMIT_VALUE_FOUND,No source in this pass has current permit values.,OK,LIVE_AND_DATABASE,DATABASE_ONLY,XLSX_PERMIT_ROWS_REPAIRED_MATCH_PASTED_SOURCE,,true_no_permit_value,,0,,,,No current permit value found in the compared sources.,true_no_permit_value,true
LO1555,"Wasatch Mtns, East",Deer,Buck,Any Legal Weapon (Late),General Season - Private Land Only,Oct 18 2025 - Oct 26 2025 - PRIVATE LAND ONLY,HANUMBER|HUNTTABLE|BUCK_DEER|DATABASE,,,,,,,,,,,,,,,,,,,NONE,NO_PERMIT_VALUE,0,,NOT_COMPARED,NO_CURRENT_PERMIT_VALUE_FOUND,No source in this pass has current permit values.,OK,LIVE_AND_DATABASE,DATABASE_ONLY,XLSX_PERMIT_ROWS_REPAIRED_MATCH_PASTED_SOURCE,,true_no_permit_value,,0,,,,No current permit value found in the compared sources.,true_no_permit_value,true
LO1556,"Wasatch Mtns, West",Deer,Buck,Any Legal Weapon (Late),General Season - Private Land Only,Oct 18 2025 - Oct 26 2025 - PRIVATE LAND ONLY,HANUMBER|HUNTTABLE|BUCK_DEER|DATABASE,,,,,,,,,,,,,,,,,,,NONE,NO_PERMIT_VALUE,0,,NOT_COMPARED,NO_CURRENT_PERMIT_VALUE_FOUND,No source in this pass has current permit values.,OK,LIVE_AND_DATABASE,DATABASE_ONLY,XLSX_PERMIT_ROWS_REPAIRED_MATCH_PASTED_SOURCE,,true_no_permit_value,,0,,,,No current permit value found in the compared sources.,true_no_permit_value,true
LO1561,Box Elder,Deer,Buck,Muzzleloader,General Season - Private Land Only,Sept 24 2025 - Oct 02 2025 - PRIVATE LAND ONLY,HANUMBER|HUNTTABLE|BUCK_DEER|DATABASE,,,,,,,,,,,,,,,,,,,NONE,NO_PERMIT_VALUE,0,,NOT_COMPARED,NO_CURRENT_PERMIT_VALUE_FOUND,No source in this pass has current permit values.,OK,LIVE_AND_DATABASE,DATABASE_ONLY,XLSX_PERMIT_ROWS_REPAIRED_MATCH_PASTED_SOURCE,,true_no_permit_value,,0,,,,No current permit value found in the compared sources.,true_no_permit_value,true
LO1563,Manti/San Rafael,Deer,Buck,Muzzleloader,General Season - Private Land Only,Sept 24 2025 - Oct 02 2025 - PRIVATE LAND ONLY,HANUMBER|HUNTTABLE|BUCK_DEER|DATABASE,,,,,,,,,,,,,,,,,,,NONE,NO_PERMIT_VALUE,0,,NOT_COMPARED,NO_CURRENT_PERMIT_VALUE_FOUND,No source in this pass has current permit values.,OK,LIVE_AND_DATABASE,DATABASE_ONLY,XLSX_PERMIT_ROWS_REPAIRED_MATCH_PASTED_SOURCE,,true_no_permit_value,,0,,,,No current permit value found in the compared sources.,true_no_permit_value,true
LO1564,Nebo,Deer,Buck,Muzzleloader,General Season - Private Land Only,Sept 24 2025 - Oct 02 2025 - PRIVATE LAND ONLY,HANUMBER|HUNTTABLE|BUCK_DEER|DATABASE,,,,,,,,,,,,,,,,,,,NONE,NO_PERMIT_VALUE,0,,NOT_COMPARED,NO_CURRENT_PERMIT_VALUE_FOUND,No source in this pass has current permit values.,OK,LIVE_AND_DATABASE,DATABASE_ONLY,XLSX_PERMIT_ROWS_REPAIRED_MATCH_PASTED_SOURCE,,true_no_permit_value,,0,,,,No current permit value found in the compared sources.,true_no_permit_value,true
LO1566,Fillmore,Deer,Buck,Muzzleloader,General Season - Private Land Only,Sept 24 2025 - Oct 02 2025 - PRIVATE LAND ONLY,HANUMBER|HUNTTABLE|BUCK_DEER|DATABASE,,,,,,,,,,,,,,,,,,,NONE,NO_PERMIT_VALUE,0,,NOT_COMPARED,NO_CURRENT_PERMIT_VALUE_FOUND,No source in this pass has current permit values.,OK,LIVE_AND_DATABASE,DATABASE_ONLY,XLSX_PERMIT_ROWS_REPAIRED_MATCH_PASTED_SOURCE,,true_no_permit_value,,0,,,,No current permit value found in the compared sources.,true_no_permit_value,true
LO1568,Kamas,Deer,Buck,Muzzleloader,General Season - Private Land Only,Sept 24 2025 - Oct 02 2025 - PRIVATE LAND ONLY,HANUMBER|HUNTTABLE|BUCK_DEER|DATABASE,,,,,,,,,,,,,,,,,,,NONE,NO_PERMIT_VALUE,0,,NOT_COMPARED,NO_CURRENT_PERMIT_VALUE_FOUND,No source in this pass has current permit values.,OK,LIVE_AND_DATABASE,DATABASE_ONLY,XLSX_PERMIT_ROWS_REPAIRED_MATCH_PASTED_SOURCE,,true_no_permit_value,,0,,,,No current permit value found in the compared sources.,true_no_permit_value,true
LO1569,"La Sal, La Sal Mtns",Deer,Buck,Muzzleloader,General Season - Private Land Only,Sept 24 2025 - Oct 02 2025 - PRIVATE LAND ONLY,HANUMBER|HUNTTABLE|BUCK_DEER|DATABASE,,,,,,,,,,,,,,,,,,,NONE,NO_PERMIT_VALUE,0,,NOT_COMPARED,NO_CURRENT_PERMIT_VALUE_FOUND,No source in this pass has current permit values.,OK,LIVE_AND_DATABASE,DATABASE_ONLY,XLSX_PERMIT_ROWS_REPAIRED_MATCH_PASTED_SOURCE,,true_no_permit_value,,0,,,,No current permit value found in the compared sources.,true_no_permit_value,true
LO1570,Monroe,Deer,Buck,Muzzleloader,General Season - Private Land Only,Sept 24 2025 - Oct 02 2025 - PRIVATE LAND ONLY,HANUMBER|HUNTTABLE|BUCK_DEER|DATABASE,,,,,,,,,,,,,,,,,,,NONE,NO_PERMIT_VALUE,0,,NOT_COMPARED,NO_CURRENT_PERMIT_VALUE_FOUND,No source in this pass has current permit values.,OK,LIVE_AND_DATABASE,DATABASE_ONLY,XLSX_PERMIT_ROWS_REPAIRED_MATCH_PASTED_SOURCE,,true_no_permit_value,,0,,,,No current permit value found in the compared sources.,true_no_permit_value,true
LO1571,Mt Dutton,Deer,Buck,Muzzleloader,General Season - Private Land Only,Sept 24 2025 - Oct 02 2025 - PRIVATE LAND ONLY,HANUMBER|HUNTTABLE|BUCK_DEER|DATABASE,,,,,,,,,,,,,,,,,,,NONE,NO_PERMIT_VALUE,0,,NOT_COMPARED,NO_CURRENT_PERMIT_VALUE_FOUND,No source in this pass has current permit values.,OK,LIVE_AND_DATABASE,DATABASE_ONLY,XLSX_PERMIT_ROWS_REPAIRED_MATCH_PASTED_SOURCE,,true_no_permit_value,,0,,,,No current permit value found in the compared sources.,true_no_permit_value,true
LO1572,Nine Mile,Deer,Buck,Muzzleloader,General Season - Private Land Only,Sept 24 2025 - Oct 02 2025 - PRIVATE LAND ONLY,HANUMBER|HUNTTABLE|BUCK_DEER|DATABASE,,,,,,,,,,,,,,,,,,,NONE,NO_PERMIT_VALUE,0,,NOT_COMPARED,NO_CURRENT_PERMIT_VALUE_FOUND,No source in this pass has current permit values.,OK,LIVE_AND_DATABASE,DATABASE_ONLY,XLSX_PERMIT_ROWS_REPAIRED_MATCH_PASTED_SOURCE,,true_no_permit_value,,0,,,,No current permit value found in the compared sources.,true_no_permit_value,true
LO1573,North Slope,Deer,Buck,Muzzleloader,General Season - Private Land Only,Sept 24 2025 - Oct 02 2025 - PRIVATE LAND ONLY,HANUMBER|HUNTTABLE|BUCK_DEER|DATABASE,,,,,,,,,,,,,,,,,,,NONE,NO_PERMIT_VALUE,0,,NOT_COMPARED,NO_CURRENT_PERMIT_VALUE_FOUND,No source in this pass has current permit values.,OK,LIVE_AND_DATABASE,DATABASE_ONLY,XLSX_PERMIT_ROWS_REPAIRED_MATCH_PASTED_SOURCE,,true_no_permit_value,,0,,,,No current permit value found in the compared sources.,true_no_permit_value,true
LO1574,Ogden,Deer,Buck,Muzzleloader,General Season - Private Land Only,Sept 24 2025 - Oct 02 2025 - PRIVATE LAND ONLY,HANUMBER|HUNTTABLE|BUCK_DEER|DATABASE,,,,,,,,,,,,,,,,,,,NONE,NO_PERMIT_VALUE,0,,NOT_COMPARED,NO_CURRENT_PERMIT_VALUE_FOUND,No source in this pass has current permit values.,OK,LIVE_AND_DATABASE,DATABASE_ONLY,XLSX_PERMIT_ROWS_REPAIRED_MATCH_PASTED_SOURCE,,true_no_permit_value,,0,,,,No current permit value found in the compared sources.,true_no_permit_value,true
LO1576,Panguitch Lake,Deer,Buck,Muzzleloader,General Season - Private Land Only,Sept 24 2025 - Oct 02 2025 - PRIVATE LAND ONLY,HANUMBER|HUNTTABLE|BUCK_DEER|DATABASE,,,,,,,,,,,,,,,,,,,NONE,NO_PERMIT_VALUE,0,,NOT_COMPARED,NO_CURRENT_PERMIT_VALUE_FOUND,No source in this pass has current permit values.,OK,LIVE_AND_DATABASE,DATABASE_ONLY,XLSX_PERMIT_ROWS_REPAIRED_MATCH_PASTED_SOURCE,,true_no_permit_value,,0,,,,No current permit value found in the compared sources.,true_no_permit_value,true
LO1577,Pine Valley,Deer,Buck,Muzzleloader,General Season - Private Land Only,Sept 24 2025 - Oct 02 2025 - PRIVATE LAND ONLY,HANUMBER|HUNTTABLE|BUCK_DEER|DATABASE,,,,,,,,,,,,,,,,,,,NONE,NO_PERMIT_VALUE,0,,NOT_COMPARED,NO_CURRENT_PERMIT_VALUE_FOUND,No source in this pass has current permit values.,OK,LIVE_AND_DATABASE,DATABASE_ONLY,XLSX_PERMIT_ROWS_REPAIRED_MATCH_PASTED_SOURCE,,true_no_permit_value,,0,,,,No current permit value found in the compared sources.,true_no_permit_value,true
LO1579,Fishlake,Deer,Buck,Muzzleloader,General Season - Private Land Only,Sept 24 2025 - Oct 02 2025 - PRIVATE LAND ONLY,HANUMBER|HUNTTABLE|BUCK_DEER|DATABASE,,,,,,,,,,,,,,,,,,,NONE,NO_PERMIT_VALUE,0,,NOT_COMPARED,NO_CURRENT_PERMIT_VALUE_FOUND,No source in this pass has current permit values.,OK,LIVE_AND_DATABASE,DATABASE_ONLY,XLSX_PERMIT_ROWS_REPAIRED_MATCH_PASTED_SOURCE,,true_no_permit_value,,0,,,,No current permit value found in the compared sources.,true_no_permit_value,true
LO1581,"San Juan, Abajo Mtns",Deer,Buck,Muzzleloader,General Season - Private Land Only,Sept 24 2025 - Oct 02 2025 - PRIVATE LAND ONLY,HANUMBER|HUNTTABLE|BUCK_DEER|DATABASE,,,,,,,,,,,,,,,,,,,NONE,NO_PERMIT_VALUE,0,,NOT_COMPARED,NO_CURRENT_PERMIT_VALUE_FOUND,No source in this pass has current permit values.,OK,LIVE_AND_DATABASE,DATABASE_ONLY,XLSX_PERMIT_ROWS_REPAIRED_MATCH_PASTED_SOURCE,,true_no_permit_value,,0,,,,No current permit value found in the compared sources.,true_no_permit_value,true
LO1582,Vernal/Bonanza,Deer,Buck,Muzzleloader,General Season - Private Land Only,Sept 24 2025 - Oct 02 2025 - PRIVATE LAND ONLY,HANUMBER|HUNTTABLE|BUCK_DEER|DATABASE,,,,,,,,,,,,,,,,,,,NONE,NO_PERMIT_VALUE,0,,NOT_COMPARED,NO_CURRENT_PERMIT_VALUE_FOUND,No source in this pass has current permit values.,OK,LIVE_AND_DATABASE,DATABASE_ONLY,XLSX_PERMIT_ROWS_REPAIRED_MATCH_PASTED_SOURCE,,true_no_permit_value,,0,,,,No current permit value found in the compared sources.,true_no_permit_value,true
LO1583,Yellowstone,Deer,Buck,Muzzleloader,General Season - Private Land Only,Sept 24 2025 - Oct 02 2025 - PRIVATE LAND ONLY,HANUMBER|HUNTTABLE|BUCK_DEER|DATABASE,,,,,,,,,,,,,,,,,,,NONE,NO_PERMIT_VALUE,0,,NOT_COMPARED,NO_CURRENT_PERMIT_VALUE_FOUND,No source in this pass has current permit values.,OK,LIVE_AND_DATABASE,DATABASE_ONLY,XLSX_PERMIT_ROWS_REPAIRED_MATCH_PASTED_SOURCE,,true_no_permit_value,,0,,,,No current permit value found in the compared sources.,true_no_permit_value,true
LO1584,Southwest Desert,Deer,Buck,Muzzleloader,General Season - Private Land Only,Sept 24 2025 - Oct 02 2025 - PRIVATE LAND ONLY,HANUMBER|HUNTTABLE|BUCK_DEER|DATABASE,,,,,,,,,,,,,,,,,,,NONE,NO_PERMIT_VALUE,0,,NOT_COMPARED,NO_CURRENT_PERMIT_VALUE_FOUND,No source in this pass has current permit values.,OK,LIVE_AND_DATABASE,DATABASE_ONLY,XLSX_PERMIT_ROWS_REPAIRED_MATCH_PASTED_SOURCE,,true_no_permit_value,,0,,,,No current permit value found in the compared sources.,true_no_permit_value,true
LO1585,"Wasatch Mtns, East",Deer,Buck,Muzzleloader,General Season - Private Land Only,Sept 24 2025 - Oct 02 2025 - PRIVATE LAND ONLY,HANUMBER|HUNTTABLE|BUCK_DEER|DATABASE,,,,,,,,,,,,,,,,,,,NONE,NO_PERMIT_VALUE,0,,NOT_COMPARED,NO_CURRENT_PERMIT_VALUE_FOUND,No source in this pass has current permit values.,OK,LIVE_AND_DATABASE,DATABASE_ONLY,XLSX_PERMIT_ROWS_REPAIRED_MATCH_PASTED_SOURCE,,true_no_permit_value,,0,,,,No current permit value found in the compared sources.,true_no_permit_value,true
LO1586,"Wasatch Mtns, West",Deer,Buck,Muzzleloader,General Season - Private Land Only,Sept 24 2025 - Oct 02 2025 - PRIVATE LAND ONLY,HANUMBER|HUNTTABLE|BUCK_DEER|DATABASE,,,,,,,,,,,,,,,,,,,NONE,NO_PERMIT_VALUE,0,,NOT_COMPARED,NO_CURRENT_PERMIT_VALUE_FOUND,No source in this pass has current permit values.,OK,LIVE_AND_DATABASE,DATABASE_ONLY,XLSX_PERMIT_ROWS_REPAIRED_MATCH_PASTED_SOURCE,,true_no_permit_value,,0,,,,No current permit value found in the compared sources.,true_no_permit_value,true
LO1589,Zion,Deer,Buck,Muzzleloader,General Season - Private Land Only,Sept 24 2025 - Oct 02 2025 - PRIVATE LAND ONLY,HANUMBER|HUNTTABLE|BUCK_DEER|DATABASE,,,,,,,,,,,,,,,,,,,NONE,NO_PERMIT_VALUE,0,,NOT_COMPARED,NO_CURRENT_PERMIT_VALUE_FOUND,No source in this pass has current permit values.,OK,LIVE_AND_DATABASE,DATABASE_ONLY,XLSX_PERMIT_ROWS_REPAIRED_MATCH_PASTED_SOURCE,,true_no_permit_value,,0,,,,No current permit value found in the compared sources.,true_no_permit_value,true
LO1594,Panguitch Lake,Deer,Buck,Any Legal Weapon (Early),General Season - Private Land Only,Oct 08 2025 - Oct 12 2025 - PRIVATE LAND ONLY,HANUMBER|HUNTTABLE|BUCK_DEER|DATABASE,,,,,,,,,,,,,,,,,,,NONE,NO_PERMIT_VALUE,0,,NOT_COMPARED,NO_CURRENT_PERMIT_VALUE_FOUND,No source in this pass has current permit values.,OK,LIVE_AND_DATABASE,DATABASE_ONLY,XLSX_PERMIT_ROWS_REPAIRED_MATCH_PASTED_SOURCE,,true_no_permit_value,,0,,,,No current permit value found in the compared sources.,true_no_permit_value,true
LO1598,North Slope,Deer,Buck,Any Legal Weapon (Early),General Season - Private Land Only,Oct 08 2025 - Oct 12 2025 - PRIVATE LAND ONLY,HANUMBER|HUNTTABLE|BUCK_DEER|DATABASE,,,,,,,,,,,,,,,,,,,NONE,NO_PERMIT_VALUE,0,,NOT_COMPARED,NO_CURRENT_PERMIT_VALUE_FOUND,No source in this pass has current permit values.,OK,LIVE_AND_DATABASE,DATABASE_ONLY,XLSX_PERMIT_ROWS_REPAIRED_MATCH_PASTED_SOURCE,,true_no_permit_value,,0,,,,No current permit value found in the compared sources.,true_no_permit_value,true
LO1599,Chalk Creek,Deer,Buck,Any Legal Weapon (Late),General Season - Private Land Only,Oct 18 2025 - Oct 26 2025 - PRIVATE LAND ONLY,HANUMBER|HUNTTABLE|BUCK_DEER|DATABASE,,,,,,,,,,,,,,,,,,,NONE,NO_PERMIT_VALUE,0,,NOT_COMPARED,NO_CURRENT_PERMIT_VALUE_FOUND,No source in this pass has current permit values.,OK,LIVE_AND_DATABASE,DATABASE_ONLY,XLSX_PERMIT_ROWS_REPAIRED_MATCH_PASTED_SOURCE,,true_no_permit_value,,0,,,,No current permit value found in the compared sources.,true_no_permit_value,true
LO1600,Chalk Creek,Deer,Buck,Archery,General Season - Private Land Only,Aug 16 2025 - Sept 12 2025 - PRIVATE LAND ONLY,HANUMBER|HUNTTABLE|BUCK_DEER|DATABASE,,,,,,,,,,,,,,,,,,,NONE,NO_PERMIT_VALUE,0,,NOT_COMPARED,NO_CURRENT_PERMIT_VALUE_FOUND,No source in this pass has current permit values.,OK,LIVE_AND_DATABASE,DATABASE_ONLY,XLSX_PERMIT_ROWS_REPAIRED_MATCH_PASTED_SOURCE,,true_no_permit_value,,0,,,,No current permit value found in the compared sources.,true_no_permit_value,true
LO1601,Chalk Creek,Deer,Buck,Any Legal Weapon (Early),General Season - Private Land Only,Oct 08 2025 - Oct 12 2025 - PRIVATE LAND ONLY,HANUMBER|HUNTTABLE|BUCK_DEER|DATABASE,,,,,,,,,,,,,,,,,,,NONE,NO_PERMIT_VALUE,0,,NOT_COMPARED,NO_CURRENT_PERMIT_VALUE_FOUND,No source in this pass has current permit values.,OK,LIVE_AND_DATABASE,DATABASE_ONLY,XLSX_PERMIT_ROWS_REPAIRED_MATCH_PASTED_SOURCE,,true_no_permit_value,,0,,,,No current permit value found in the compared sources.,true_no_permit_value,true
LO1602,Chalk Creek,Deer,Buck,Muzzleloader,General Season - Private Land Only,Sept 24 2025 - Oct 02 2025 - PRIVATE LAND ONLY,HANUMBER|HUNTTABLE|BUCK_DEER|DATABASE,,,,,,,,,,,,,,,,,,,NONE,NO_PERMIT_VALUE,0,,NOT_COMPARED,NO_CURRENT_PERMIT_VALUE_FOUND,No source in this pass has current permit values.,OK,LIVE_AND_DATABASE,DATABASE_ONLY,XLSX_PERMIT_ROWS_REPAIRED_MATCH_PASTED_SOURCE,,true_no_permit_value,,0,,,,No current permit value found in the compared sources.,true_no_permit_value,true
LO1603,East Canyon,Deer,Buck,Any Legal Weapon (Late),General Season - Private Land Only,Oct 18 2025 - Oct 26 2025 - PRIVATE LAND ONLY,HANUMBER|HUNTTABLE|BUCK_DEER|DATABASE,,,,,,,,,,,,,,,,,,,NONE,NO_PERMIT_VALUE,0,,NOT_COMPARED,NO_CURRENT_PERMIT_VALUE_FOUND,No source in this pass has current permit values.,OK,LIVE_AND_DATABASE,DATABASE_ONLY,XLSX_PERMIT_ROWS_REPAIRED_MATCH_PASTED_SOURCE,,true_no_permit_value,,0,,,,No current permit value found in the compared sources.,true_no_permit_value,true
LO1604,East Canyon,Deer,Buck,Archery,General Season - Private Land Only,Aug 16 2025 - Sept 12 2025 - PRIVATE LAND ONLY,HANUMBER|HUNTTABLE|BUCK_DEER|DATABASE,,,,,,,,,,,,,,,,,,,NONE,NO_PERMIT_VALUE,0,,NOT_COMPARED,NO_CURRENT_PERMIT_VALUE_FOUND,No source in this pass has current permit values.,OK,LIVE_AND_DATABASE,DATABASE_ONLY,XLSX_PERMIT_ROWS_REPAIRED_MATCH_PASTED_SOURCE,,true_no_permit_value,,0,,,,No current permit value found in the compared sources.,true_no_permit_value,true
LO1605,East Canyon,Deer,Buck,Any Legal Weapon (Early),General Season - Private Land Only,Oct 08 2025 - Oct 12 2025 - PRIVATE LAND ONLY,HANUMBER|HUNTTABLE|BUCK_DEER|DATABASE,,,,,,,,,,,,,,,,,,,NONE,NO_PERMIT_VALUE,0,,NOT_COMPARED,NO_CURRENT_PERMIT_VALUE_FOUND,No source in this pass has current permit values.,OK,LIVE_AND_DATABASE,DATABASE_ONLY,XLSX_PERMIT_ROWS_REPAIRED_MATCH_PASTED_SOURCE,,true_no_permit_value,,0,,,,No current permit value found in the compared sources.,true_no_permit_value,true
LO1606,East Canyon,Deer,Buck,Muzzleloader,General Season - Private Land Only,Sept 24 2025 - Oct 02 2025 - PRIVATE LAND ONLY,HANUMBER|HUNTTABLE|BUCK_DEER|DATABASE,,,,,,,,,,,,,,,,,,,NONE,NO_PERMIT_VALUE,0,,NOT_COMPARED,NO_CURRENT_PERMIT_VALUE_FOUND,No source in this pass has current permit values.,OK,LIVE_AND_DATABASE,DATABASE_ONLY,XLSX_PERMIT_ROWS_REPAIRED_MATCH_PASTED_SOURCE,,true_no_permit_value,,0,,,,No current permit value found in the compared sources.,true_no_permit_value,true
LO1607,Morgan-South Rich,Deer,Buck,Any Legal Weapon (Late),General Season - Private Land Only,Oct 18 2025 - Oct 26 2025 - PRIVATE LAND ONLY,HANUMBER|HUNTTABLE|BUCK_DEER|DATABASE,,,,,,,,,,,,,,,,,,,NONE,NO_PERMIT_VALUE,0,,NOT_COMPARED,NO_CURRENT_PERMIT_VALUE_FOUND,No source in this pass has current permit values.,OK,LIVE_AND_DATABASE,DATABASE_ONLY,XLSX_PERMIT_ROWS_REPAIRED_MATCH_PASTED_SOURCE,,true_no_permit_value,,0,,,,No current permit value found in the compared sources.,true_no_permit_value,true
LO1608,Morgan-South Rich,Deer,Buck,Archery,General Season - Private Land Only,Aug 16 2025 - Sept 12 2025 - PRIVATE LAND ONLY,HANUMBER|HUNTTABLE|BUCK_DEER|DATABASE,,,,,,,,,,,,,,,,,,,NONE,NO_PERMIT_VALUE,0,,NOT_COMPARED,NO_CURRENT_PERMIT_VALUE_FOUND,No source in this pass has current permit values.,OK,LIVE_AND_DATABASE,DATABASE_ONLY,XLSX_PERMIT_ROWS_REPAIRED_MATCH_PASTED_SOURCE,,true_no_permit_value,,0,,,,No current permit value found in the compared sources.,true_no_permit_value,true
LO1609,Morgan-South Rich,Deer,Buck,Any Legal Weapon (Early),General Season - Private Land Only,Oct 08 2025 - Oct 12 2025 - PRIVATE LAND ONLY,HANUMBER|HUNTTABLE|BUCK_DEER|DATABASE,,,,,,,,,,,,,,,,,,,NONE,NO_PERMIT_VALUE,0,,NOT_COMPARED,NO_CURRENT_PERMIT_VALUE_FOUND,No source in this pass has current permit values.,OK,LIVE_AND_DATABASE,DATABASE_ONLY,XLSX_PERMIT_ROWS_REPAIRED_MATCH_PASTED_SOURCE,,true_no_permit_value,,0,,,,No current permit value found in the compared sources.,true_no_permit_value,true
LO1610,Morgan-South Rich,Deer,Buck,Muzzleloader,General Season - Private Land Only,Sept 24 2025 - Oct 02 2025 - PRIVATE LAND ONLY,HANUMBER|HUNTTABLE|BUCK_DEER|DATABASE,,,,,,,,,,,,,,,,,,,NONE,NO_PERMIT_VALUE,0,,NOT_COMPARED,NO_CURRENT_PERMIT_VALUE_FOUND,No source in this pass has current permit values.,OK,LIVE_AND_DATABASE,DATABASE_ONLY,XLSX_PERMIT_ROWS_REPAIRED_MATCH_PASTED_SOURCE,,true_no_permit_value,,0,,,,No current permit value found in the compared sources.,true_no_permit_value,true
LO1611,"Beaver, East",Deer,Buck,Archery,General Season - Private Land Only,Aug 16 2025 - Sept 12 2025 - PRIVATE LAND ONLY,HANUMBER|HUNTTABLE|BUCK_DEER|DATABASE,,,,,,,,,,,,,,,,,,,NONE,NO_PERMIT_VALUE,0,,NOT_COMPARED,NO_CURRENT_PERMIT_VALUE_FOUND,No source in this pass has current permit values.,OK,LIVE_AND_DATABASE,DATABASE_ONLY,XLSX_PERMIT_ROWS_REPAIRED_MATCH_PASTED_SOURCE,,true_no_permit_value,,0,,,,No current permit value found in the compared sources.,true_no_permit_value,true
LO1612,"Beaver, East",Deer,Buck,Muzzleloader,General Season - Private Land Only,Sept 24 2025 - Oct 02 2025 - PRIVATE LAND ONLY,HANUMBER|HUNTTABLE|BUCK_DEER|DATABASE,,,,,,,,,,,,,,,,,,,NONE,NO_PERMIT_VALUE,0,,NOT_COMPARED,NO_CURRENT_PERMIT_VALUE_FOUND,No source in this pass has current permit values.,OK,LIVE_AND_DATABASE,DATABASE_ONLY,XLSX_PERMIT_ROWS_REPAIRED_MATCH_PASTED_SOURCE,,true_no_permit_value,,0,,,,No current permit value found in the compared sources.,true_no_permit_value,true
LO1613,"Beaver, East",Deer,Buck,Any Legal Weapon (Late),General Season - Private Land Only,Oct 18 2025 - Oct 26 2025 - PRIVATE LAND ONLY,HANUMBER|HUNTTABLE|BUCK_DEER|DATABASE,,,,,,,,,,,,,,,,,,,NONE,NO_PERMIT_VALUE,0,,NOT_COMPARED,NO_CURRENT_PERMIT_VALUE_FOUND,No source in this pass has current permit values.,OK,LIVE_AND_DATABASE,DATABASE_ONLY,XLSX_PERMIT_ROWS_REPAIRED_MATCH_PASTED_SOURCE,,true_no_permit_value,,0,,,,No current permit value found in the compared sources.,true_no_permit_value,true
LO1614,"Beaver, West",Deer,Buck,Archery,General Season - Private Land Only,Aug 16 2025 - Sept 12 2025 - PRIVATE LAND ONLY,HANUMBER|HUNTTABLE|BUCK_DEER|DATABASE,,,,,,,,,,,,,,,,,,,NONE,NO_PERMIT_VALUE,0,,NOT_COMPARED,NO_CURRENT_PERMIT_VALUE_FOUND,No source in this pass has current permit values.,OK,LIVE_AND_DATABASE,DATABASE_ONLY,XLSX_PERMIT_ROWS_REPAIRED_MATCH_PASTED_SOURCE,,true_no_permit_value,,0,,,,No current permit value found in the compared sources.,true_no_permit_value,true
LO1615,"Beaver, West",Deer,Buck,Restricted Muzzleloader,General Season - Private Land Only,Sept 24 2025 - Oct 02 2025 - PRIVATE LAND ONLY,HANUMBER|HUNTTABLE|BUCK_DEER|DATABASE,,,,,,,,,,,,,,,,,,,NONE,NO_PERMIT_VALUE,0,,NOT_COMPARED,NO_CURRENT_PERMIT_VALUE_FOUND,No source in this pass has current permit values.,OK,LIVE_AND_DATABASE,DATABASE_ONLY,XLSX_PERMIT_ROWS_REPAIRED_MATCH_PASTED_SOURCE,,true_no_permit_value,,0,,,,No current permit value found in the compared sources.,true_no_permit_value,true
LO1616,"Beaver, West",Deer,Buck,Restricted Rifle,General Season - Private Land Only,Oct 18 2025 - Oct 26 2025 - PRIVATE LAND ONLY,HANUMBER|HUNTTABLE|BUCK_DEER|DATABASE,,,,,,,,,,,,,,,,,,,NONE,NO_PERMIT_VALUE,0,,NOT_COMPARED,NO_CURRENT_PERMIT_VALUE_FOUND,No source in this pass has current permit values.,OK,LIVE_AND_DATABASE,DATABASE_ONLY,XLSX_PERMIT_ROWS_REPAIRED_MATCH_PASTED_SOURCE,,true_no_permit_value,,0,,,,No current permit value found in the compared sources.,true_no_permit_value,true
LO1617,"West Desert, Swasey",Deer,Buck,Archery,General Season - Private Land Only,Aug 16 2025 - Sept 12 2025 - PRIVATE LAND ONLY,HANUMBER|HUNTTABLE|BUCK_DEER|DATABASE,,,,,,,,,,,,,,,,,,,NONE,NO_PERMIT_VALUE,0,,NOT_COMPARED,NO_CURRENT_PERMIT_VALUE_FOUND,No source in this pass has current permit values.,OK,LIVE_AND_DATABASE,DATABASE_ONLY,XLSX_PERMIT_ROWS_REPAIRED_MATCH_PASTED_SOURCE,,true_no_permit_value,,0,,,,No current permit value found in the compared sources.,true_no_permit_value,true
LO1618,"West Desert, Swasey",Deer,Buck,Muzzleloader,General Season - Private Land Only,Sept 24 2025 - Oct 02 2025 - PRIVATE LAND ONLY,HANUMBER|HUNTTABLE|BUCK_DEER|DATABASE,,,,,,,,,,,,,,,,,,,NONE,NO_PERMIT_VALUE,0,,NOT_COMPARED,NO_CURRENT_PERMIT_VALUE_FOUND,No source in this pass has current permit values.,OK,LIVE_AND_DATABASE,DATABASE_ONLY,XLSX_PERMIT_ROWS_REPAIRED_MATCH_PASTED_SOURCE,,true_no_permit_value,,0,,,,No current permit value found in the compared sources.,true_no_permit_value,true
LO1619,"West Desert, Swasey",Deer,Buck,Any Legal Weapon (Late),General Season - Private Land Only,Oct 18 2025 - Oct 26 2025 - PRIVATE LAND ONLY,HANUMBER|HUNTTABLE|BUCK_DEER|DATABASE,,,,,,,,,,,,,,,,,,,NONE,NO_PERMIT_VALUE,0,,NOT_COMPARED,NO_CURRENT_PERMIT_VALUE_FOUND,No source in this pass has current permit values.,OK,LIVE_AND_DATABASE,DATABASE_ONLY,XLSX_PERMIT_ROWS_REPAIRED_MATCH_PASTED_SOURCE,,true_no_permit_value,,0,,,,No current permit value found in the compared sources.,true_no_permit_value,true
LO1620,Oquirrh/Tintic,Deer,Buck,Archery,General Season - Private Land Only,Aug 16 2025 - Sept 12 2025 - PRIVATE LAND ONLY,HANUMBER|HUNTTABLE|BUCK_DEER|DATABASE,,,,,,,,,,,,,,,,,,,NONE,NO_PERMIT_VALUE,0,,NOT_COMPARED,NO_CURRENT_PERMIT_VALUE_FOUND,No source in this pass has current permit values.,OK,LIVE_AND_DATABASE,DATABASE_ONLY,XLSX_PERMIT_ROWS_REPAIRED_MATCH_PASTED_SOURCE,,true_no_permit_value,,0,,,,No current permit value found in the compared sources.,true_no_permit_value,true
LO1621,Oquirrh/Tintic,Deer,Buck,Muzzleloader,General Season - Private Land Only,Sept 24 2025 - Oct 02 2025 - PRIVATE LAND ONLY,HANUMBER|HUNTTABLE|BUCK_DEER|DATABASE,,,,,,,,,,,,,,,,,,,NONE,NO_PERMIT_VALUE,0,,NOT_COMPARED,NO_CURRENT_PERMIT_VALUE_FOUND,No source in this pass has current permit values.,OK,LIVE_AND_DATABASE,DATABASE_ONLY,XLSX_PERMIT_ROWS_REPAIRED_MATCH_PASTED_SOURCE,,true_no_permit_value,,0,,,,No current permit value found in the compared sources.,true_no_permit_value,true
LO1622,Oquirrh/Tintic,Deer,Buck,Any Legal Weapon (Late),General Season - Private Land Only,Oct 18 2025 - Oct 26 2025 - PRIVATE LAND ONLY,HANUMBER|HUNTTABLE|BUCK_DEER|DATABASE,,,,,,,,,,,,,,,,,,,NONE,NO_PERMIT_VALUE,0,,NOT_COMPARED,NO_CURRENT_PERMIT_VALUE_FOUND,No source in this pass has current permit values.,OK,LIVE_AND_DATABASE,DATABASE_ONLY,XLSX_PERMIT_ROWS_REPAIRED_MATCH_PASTED_SOURCE,,true_no_permit_value,,0,,,,No current permit value found in the compared sources.,true_no_permit_value,true
LO1623,Cedar/Stansbury,Deer,Buck,Archery,General Season - Private Land Only,Aug 16 2025 - Sept 12 2025 - PRIVATE LAND ONLY,HANUMBER|HUNTTABLE|BUCK_DEER|DATABASE,,,,,,,,,,,,,,,,,,,NONE,NO_PERMIT_VALUE,0,,NOT_COMPARED,NO_CURRENT_PERMIT_VALUE_FOUND,No source in this pass has current permit values.,OK,LIVE_AND_DATABASE,DATABASE_ONLY,XLSX_PERMIT_ROWS_REPAIRED_MATCH_PASTED_SOURCE,,true_no_permit_value,,0,,,,No current permit value found in the compared sources.,true_no_permit_value,true
LO1624,Cedar/Stansbury,Deer,Buck,Muzzleloader,General Season - Private Land Only,Sept 24 2025 - Oct 02 2025 - PRIVATE LAND ONLY,HANUMBER|HUNTTABLE|BUCK_DEER|DATABASE,,,,,,,,,,,,,,,,,,,NONE,NO_PERMIT_VALUE,0,,NOT_COMPARED,NO_CURRENT_PERMIT_VALUE_FOUND,No source in this pass has current permit values.,OK,LIVE_AND_DATABASE,DATABASE_ONLY,XLSX_PERMIT_ROWS_REPAIRED_MATCH_PASTED_SOURCE,,true_no_permit_value,,0,,,,No current permit value found in the compared sources.,true_no_permit_value,true
LO1625,Cedar/Stansbury,Deer,Buck,Any Legal Weapon (Late),General Season - Private Land Only,Oct 18 2025 - Oct 26 2025 - PRIVATE LAND ONLY,HANUMBER|HUNTTABLE|BUCK_DEER|DATABASE,,,,,,,,,,,,,,,,,,,NONE,NO_PERMIT_VALUE,0,,NOT_COMPARED,NO_CURRENT_PERMIT_VALUE_FOUND,No source in this pass has current permit values.,OK,LIVE_AND_DATABASE,DATABASE_ONLY,XLSX_PERMIT_ROWS_REPAIRED_MATCH_PASTED_SOURCE,,true_no_permit_value,,0,,,,No current permit value found in the compared sources.,true_no_permit_value,true
LO1629,Boulder/Kaiparowits,Deer,Buck,Restricted Rifle,General Season - Private Land Only,Oct 18 2025 - Oct 26 2025 - PRIVATE LAND ONLY,HANUMBER|HUNTTABLE|BUCK_DEER|DATABASE,,,,,,,,,,,,,,,,,,,NONE,NO_PERMIT_VALUE,0,,NOT_COMPARED,NO_CURRENT_PERMIT_VALUE_FOUND,No source in this pass has current permit values.,OK,LIVE_AND_DATABASE,DATABASE_ONLY,XLSX_PERMIT_ROWS_REPAIRED_MATCH_PASTED_SOURCE,,true_no_permit_value,,0,,,,No current permit value found in the compared sources.,true_no_permit_value,true
LO1630,Boulder/Kaiparowits,Deer,Buck,Restricted Muzzleloader,General Season - Private Land Only,Sept 24 2025 - Oct 02 2025 - PRIVATE LAND ONLY,HANUMBER|HUNTTABLE|BUCK_DEER|DATABASE,,,,,,,,,,,,,,,,,,,NONE,NO_PERMIT_VALUE,0,,NOT_COMPARED,NO_CURRENT_PERMIT_VALUE_FOUND,No source in this pass has current permit values.,OK,LIVE_AND_DATABASE,DATABASE_ONLY,XLSX_PERMIT_ROWS_REPAIRED_MATCH_PASTED_SOURCE,,true_no_permit_value,,0,,,,No current permit value found in the compared sources.,true_no_permit_value,true
LP5025,Beaver - Private Land Only,Pronghorn,Buck,Any Legal Weapon,Limited Entry - Private Land Only,Sept 13 2025 - Sept 21 2025 - Private Land Only,HANUMBER|HUNTTABLE|DATABASE,,,,,,,,,,,,,,,,,,,NONE,NO_PERMIT_VALUE,0,,NOT_COMPARED,NO_CURRENT_PERMIT_VALUE_FOUND,No source in this pass has current permit values.,OK,LIVE_AND_DATABASE,DATABASE_ONLY,,,true_no_permit_value,,0,,,,No current permit value found in the compared sources.,true_no_permit_value,true
LP5031,"Box Elder, West - Private Land Only",Pronghorn,Buck,Any Legal Weapon,Limited Entry - Private Land Only,Sept 13 2025 - Sept 21 2025 - Private Land Only,HANUMBER|HUNTTABLE|DATABASE,,,,,,,,,,,,,,,,,,,NONE,NO_PERMIT_VALUE,0,,NOT_COMPARED,NO_CURRENT_PERMIT_VALUE_FOUND,No source in this pass has current permit values.,OK,LIVE_AND_DATABASE,DATABASE_ONLY,,,true_no_permit_value,,0,,,,No current permit value found in the compared sources.,true_no_permit_value,true
LP5033,"Fillmore, Oak Creek South - Private Land Only",Pronghorn,Buck,Any Legal Weapon,Limited Entry - Private Land Only,Sept 13 2025 - Sept 21 2025 - Private Land Only,HANUMBER|HUNTTABLE|DATABASE,,,,,,,,,,,,,,,,,,,NONE,NO_PERMIT_VALUE,0,,NOT_COMPARED,NO_CURRENT_PERMIT_VALUE_FOUND,No source in this pass has current permit values.,OK,LIVE_AND_DATABASE,DATABASE_ONLY,,,true_no_permit_value,,0,,,,No current permit value found in the compared sources.,true_no_permit_value,true
LP5046,"San Rafael, North - Private Land Only",Pronghorn,Buck,Any Legal Weapon,Limited Entry - Private Land Only,Sept 13 2025 - Sept 21 2025 - Private Land Only,HANUMBER|HUNTTABLE|DATABASE,,,,,,,,,,,,,,,,,,,NONE,NO_PERMIT_VALUE,0,,NOT_COMPARED,NO_CURRENT_PERMIT_VALUE_FOUND,No source in this pass has current permit values.,OK,LIVE_AND_DATABASE,DATABASE_ONLY,,,true_no_permit_value,,0,,,,No current permit value found in the compared sources.,true_no_permit_value,true
LP5049,Southwest Desert - Private Land Only,Pronghorn,Buck,Any Legal Weapon,Limited Entry - Private Land Only,Sept 13 2025 - Sept 21 2025 - Private Land Only,HANUMBER|HUNTTABLE|DATABASE,,,,,,,,,,,,,,,,,,,NONE,NO_PERMIT_VALUE,0,,NOT_COMPARED,NO_CURRENT_PERMIT_VALUE_FOUND,No source in this pass has current permit values.,OK,LIVE_AND_DATABASE,DATABASE_ONLY,,,true_no_permit_value,,0,,,,No current permit value found in the compared sources.,true_no_permit_value,true
LP5051,"West Desert, Rush Valley - Private Land Only",Pronghorn,Buck,Any Legal Weapon,Limited Entry - Private Land Only,Sept 13 2025 - Sept 21 2025 - Private Land Only,HANUMBER|HUNTTABLE|DATABASE,,,,,,,,,,,,,,,,,,,NONE,NO_PERMIT_VALUE,0,,NOT_COMPARED,NO_CURRENT_PERMIT_VALUE_FOUND,No source in this pass has current permit values.,OK,LIVE_AND_DATABASE,DATABASE_ONLY,,,true_no_permit_value,,0,,,,No current permit value found in the compared sources.,true_no_permit_value,true
MB6263,Moon Ranch CWMU,Moose,Bull,Any Legal Weapon,CWMU,Contact operator for 2025 season dates,HANUMBER|DATABASE,,,,,,,,,,,,,,,,,,,NONE,NO_PERMIT_VALUE,0,,NOT_COMPARED,NO_CURRENT_PERMIT_VALUE_FOUND,No source in this pass has current permit values.,OK,DATABASE_ONLY,DATABASE_ONLY,,HISTORICAL_2025_ONLY_NOT_ACTIVE_2026,true_no_permit_value,,0,,,,No current permit value found in the compared sources.,true_no_permit_value,true
MB6264,Sand Creek CWMU,Moose,Bull,Any Legal Weapon,CWMU,Contact operator for 2025 season dates,HANUMBER|DATABASE,,,,,,,,,,,,,,,,,,,NONE,NO_PERMIT_VALUE,0,,NOT_COMPARED,NO_CURRENT_PERMIT_VALUE_FOUND,No source in this pass has current permit values.,OK,DATABASE_ONLY,DATABASE_ONLY,,HISTORICAL_2025_ONLY_NOT_ACTIVE_2026,true_no_permit_value,,0,,,,No current permit value found in the compared sources.,true_no_permit_value,true
RS1000,Antelope Island Conservation,Rocky Mountain Bighorn Sheep,Male Only,Any Legal Weapon,Once-in-a-lifetime,Nov 9 2026 - Nov 16 2026,HANUMBER|HUNTTABLE|DATABASE,,,,,,,,,,,,,,,,,,,NONE,NO_PERMIT_VALUE,0,,NOT_COMPARED,NO_CURRENT_PERMIT_VALUE_FOUND,No source in this pass has current permit values.,OK,LIVE_AND_DATABASE,DATABASE_ONLY,,NO_QUOTA_PUBLISHED,true_no_permit_value,,0,,,,No current permit value found in the compared sources.,true_no_permit_value,true
TK1000,Statewide,Turkey,Bearded,Any Legal Weapon,Spring General Season,"May 4 - 31, 2026 | YOUTH ONLY: May 1 - 3, 2026",HANUMBER|HUNTTABLE|DATABASE,,,,,,,,,,,,,,,,,,,NONE,NO_PERMIT_VALUE,0,,NOT_COMPARED,NO_CURRENT_PERMIT_VALUE_FOUND,No source in this pass has current permit values.,OK,LIVE_AND_DATABASE,DATABASE_ONLY,,,true_no_permit_value,,0,,,,No current permit value found in the compared sources.,true_no_permit_value,true
